1386
272
2394
2552
1374
2144
1274
2318
1441
1229
1826
916
3512
2496
1840
362
4024
740
116
656
3577
2257
1314
24
2153
3399
1419
2362
2554
3092
1580
1214
2480
3189
535
3579
834
2025
648
2686
1266
2433
1439
2647
4094
1864
1787
301
493
3482
405
2599
1973
3795
1944
1822
154
3838
1509
1536
4046
3457
1643
3078
3042
993
3018
1137
2634
79
3010
2756
310
3736
420
1677
2809
2908
138
3425
2753
3420
2824
2088
2699
3934
3981
523
1204
291
3304
1649
2529
483
1450
3498
75
2897
369
1692
654
1237
591
1213
3872
1433
817
1952
414
1254
3548
2813
236
604
2587
2772
973
2958
2005
819
843
1784
3831
3171
3696
3499
2819
1113
3213
3766
326
2591
3647
1574
1661
1239
644
324
3400
2114
3773
16
3956
3792
1206
489
2641
3602
869
2789
928
602
981
167
1763
3434
1117
3656
1034
4064
3742
462
1572
1357
3202
181
3947
474
2265
3511
1983
1976
1018
468
4065
2982
108
1551
1221
2893
1442
1949
3402
1964
1400
2768
2466
2067
555
1223
2443
3621
458
2506
2682
1532
1832
2604
1121
662
3193
1280
3311
26
1565
789
277
1446
1583
4008
1537
1849
1527
2799
3971
3715
1811
464
2092
3569
1157
1999
3778
842
3857
3306
1882
2660
1696
2389
2493
3618
441
2017
630
1447
838
1988
3959
714
2993
3043
2106
2856
4066
2403
3816
1136
699
3270
1634
188
1188
3928
1420
2468
1745
978
224
2246
2860
3249
798
601
1305
3649
709
2849
1330
3701
3459
1276
1715
1930
214
499
3488
2551
3674
2808
3610
2253
2048
1071
2409
780
1838
1408
3634
866
1449
1342
3919
3117
1315
3673
759
2949
176
2597
574
456
2472
2926
3027
2523
343
3174
81
2132
3878
2901
1775
1236
2351
1518
2363
3444
1216
471
1590
1903
2822
3807
3529
2109
2398
2896
1360
459
133
2556
1834
1966
2150
3150
404
3547
3533
1168
1218
3237
3432
283
76
2235
2998
1317
1875
1472
2711
903
3720
2770
2161
2004
2300
1792
412
142
2765
1335
745
2146
2924
3253
1375
2279
3038
1605
2887
2087
2929
1876
2471
2811
3709
2971
3710
308
1333
21
3905
3785
3279
2595
2598
204
836
821
1492
2052
1328
1516
741
971
3256
1563
1610
716
1429
3565
2651
1771
2735
1124
2714
3440
3413
1065
3474
2802
2029
754
2314
3641
3865
685
1426
2244
1678
860
595
2747
436
687
1391
282
2416
3052
2096
1659
2281
3394
1699
804
2013
3416
660
2872
3012
590
3576
411
546
305
3151
4017
3159
941
2069
281
565
4093
3844
3337
160
3192
3940
363
1902
1989
3867
2984
1814
2976
3500
3937
1778
2444
3572
1070
2108
1754
3628
3204
220
350
2540
3032
3282
1530
1483
1056
1437
1710
3691
1141
258
2692
3544
3827
3143
1931
66
3221
3001
2176
715
3493
1286
3087
2027
837
1810
2498
323
1118
2452
3842
1675
2386
2921
3509
3298
1108
2184
2484
868
2705
3365
2316
939
760
3019
2990
3692
756
2322
1031
3607
3514
2995
3743
3312
3943
2962
3982
1589
1555
215
3892
2737
3369
3452
1751
1626
2632
2327
2956
2553
968
2297
3803
3824
1953
3735
3941
3170
2157
1089
2352
4018
1870
118
3029
904
1818
2726
3615
455
3130
2145
813
2534
190
2719
1299
3963
1057
1817
273
1604
2570
3347
932
1925
2514
3182
2619
991
2038
243
4081
344
3495
3387
7
1027
3085
2733
3319
1774
334
600
3489
1514
1265
2317
1424
1521
2339
2455
683
1525
729
922
3609
158
2649
2381
3391
596
1596
3749
1487
1277
1287
1112
1621
1175
2377
1538
902
3873
223
3483
897
4009
3017
3410
1584
2251
3156
2828
226
2135
1398
3408
1169
1068
3230
2195
2349
2323
1764
3201
3683
3552
1430
3923
2607
349
3825
2272
10
2165
2343
700
2555
1683
2834
2185
2688
2981
3223
3152
372
47
779
1913
2507
1886
703
356
1669
1233
1011
2846
3781
1757
12
571
2079
1651
3599
1959
3536
78
97
801
840
1597
1720
259
4054
3939
2845
422
1804
3858
3695
2572
2430
646
2074
3224
1963
3622
331
3433
1603
1227
4084
2273
1830
4040
4028
711
1998
3243
3110
2128
657
2020
674
3268
1242
1244
3908
2913
1812
1393
2167
743
2839
1382
1748
1435
3071
2417
3811
1362
71
389
2537
877
2269
1205
2320
3654
2432
120
815
136
359
3316
1212
1850
3745
3342
2022
2181
3584
3711
3765
755
2042
3053
2172
3134
487
1399
4068
882
49
577
3712
3574
88
1185
208
3086
1992
3604
1898
2177
184
1164
4021
1166
950
1235
926
3091
4016
119
1178
511
3925
3024
621
2402
927
2404
997
169
43
4060
1859
2937
2650
3263
533
1359
117
2940
2219
3208
3238
434
1638
742
1300
342
1504
385
1627
4038
393
2260
4074
852
2303
1284
3458
2047
2478
2923
653
127
503
2794
1980
1663
2196
3396
1997
3231
943
995
4085
371
3978
2002
1122
2370
2906
383
1799
276
1023
2610
3335
3659
1163
3744
2947
77
351
488
1782
1820
1460
2687
3326
1457
161
4044
2850
1689
3888
562
3114
1566
2748
532
1448
705
3917
874
2142
3992
168
2935
1049
473
3167
1438
1883
4056
2592
799
1542
205
2441
3960
1668
2749
2840
1704
3967
2435
4002
2046
1630
3799
1025
3314
2189
3080
1878
2490
1958
1863
3860
3675
2319
109
2527
1827
3388
541
3093
3508
110
2367
1667
3804
2503
1852
1942
3758
1370
3161
9
2583
481
338
1079
1644
1495
4061
2920
3006
346
335
3870
2460
2306
397
126
3581
692
2919
3472
4007
3066
702
1396
3139
129
680
1507
23
2624
61
3515
2121
1486
1665
1837
1494
3063
3008
2119
3753
1110
1977
2264
1149
1207
1979
1730
2986
284
3822
1343
2857
3906
3435
2526
1211
322
2593
831
2100
2715
2439
642
531
1670
2852
253
201
870
1694
3235
2797
3836
2385
99
1854
2691
3538
2878
454
2120
835
2571
1732
2124
2665
1484
1338
579
3707
2643
59
1324
2372
3655
888
510
2679
2350
388
3797
96
1529
857
2950
2864
2015
2378
3209
1259
1077
1405
3089
3292
1790
3004
2922
3286
2707
400
1766
977
1474
1996
3251
3096
1111
2369
3188
260
2325
2220
409
3112
3876
3882
2440
2669
37
853
2449
679
2807
1915
3750
3997
1760
1261
2580
1654
366
2767
1415
1662
3516
352
717
3148
612
212
2141
2039
3422
2790
432
2160
983
263
3737
2559
2233
3863
2683
637
1162
3352
3910
3837
2469
1009
3724
2992
1556
1924
100
2329
1496
1125
102
1250
2871
3045
2393
2712
3330
3403
382
2095
3439
433
1933
934
1851
1052
1673
2250
3384
2511
3194
2545
3503
2408
2816
3929
3446
1014
3436
3600
2336
3686
2171
2925
1316
2843
2215
3980
2656
1592
720
585
230
1292
4082
1877
617
3376
2268
1888
1319
330
2875
451
1390
186
936
1148
1618
3097
1412
1467
2606
1682
875
3669
1147
3212
3861
2401
4076
3455
682
1150
1012
1769
1636
4025
3494
1985
3195
3582
1145
3716
733
800
1932
2263
3450
985
19
3333
2708
3122
32
22
3619
1972
2602
320
3389
2658
3550
3108
994
2535
1201
2729
856
3931
3315
1431
461
2006
1758
942
2242
2334
3734
1202
549
1746
820
1064
2179
4055
3165
770
3688
2536
2730
3124
453
2750
766
3671
2525
2505
3059
1513
2345
2861
42
3657
2063
3228
614
376
2216
2122
953
1477
2914
3898
3119
3111
4001
2415
417
1243
8
3025
3869
3815
3351
2594
2105
2928
233
1672
1586
640
478
333
1609
1797
832
688
4027
396
896
3198
2497
3305
1153
3777
1289
1406
2390
3248
2137
1711
1197
1908
361
3028
2578
3501
2302
1434
2888
1731
826
1482
3723
1388
694
3690
106
3783
1281
1489
3168
3557
636
65
1279
658
1372
3079
3717
2542
881
576
3551
1987
841
3933
2783
124
1181
2388
3317
1037
3260
18
1427
613
2077
1381
3887
2226
1179
1762
1024
725
1741
778
3973
2007
1436
2562
2418
795
1019
872
3603
1451
472
898
2332
4015
1971
98
1981
2676
2054
2129
3752
2758
2164
4095
2788
429
551
3142
1021
255
3801
2515
70
130
3009
3014
1749
1176
2612
1291
370
2760
3144
210
4092
2970
1567
3668
2810
4023
2448
727
1138
958
2188
1738
829
2721
1428
1887
2147
4029
448
50
1392
2283
767
998
1511
3164
1823
2309
2704
3702
689
3210
3518
1443
1456
3382
3828
686
1353
2068
627
3684
2293
3149
2298
793
3187
2885
2565
2936
3746
2411
1533
1816
885
539
854
2781
1503
665
747
1356
466
3901
2605
2254
3160
2333
2785
3592
3131
182
1506
1687
796
4048
1468
2742
746
337
1086
1069
3375
3239
2175
2944
2453
1008
355
878
1842
1271
2364
1401
3061
2308
1729
2307
3068
3670
3677
3587
1104
3344
2205
386
318
1740
1743
2380
424
3504
776
2214
521
430
1742
2103
2213
2500
3852
3962
1587
2212
970
1970
1346
3200
2853
2019
2912
1478
1943
1043
364
1719
241
1260
141
2661
2694
2031
1829
1199
3325
1470
2151
3273
3524
288
1599
2338
1095
2911
2873
2406
696
931
3070
618
2488
1203
4049
2495
3759
1559
1231
526
2725
3353
3039
39
624
314
2519
2713
3985
2825
1650
2996
3476
2876
2820
1432
1272
3307
1367
2862
3713
1029
3445
3632
676
3754
3386
2134
1285
2830
1773
437
2255
2638
1717
3949
2939
1087
735
1005
4020
3470
2479
285
3830
1170
2450
542
4091
1340
3813
3094
518
1526
1939
3879
1290
3301
3051
1807
2895
2952
2736
152
423
1744
1978
1045
3404
3532
771
3081
2576
3818
3280
328
3460
103
2295
3477
3976
925
2060
445
3986
1686
395
2451
431
1880
3162
3944
1616
3478
197
2902
893
3904
2290
196
1099
2804
1173
53
2089
639
1090
3708
269
3220
3492
492
719
1208
3015
6
626
254
221
64
1558
3225
162
114
2590
296
497
1801
667
476
3877
2577
2464
3662
3214
3523
2075
957
1620
244
449
2818
3423
529
2700
2058
2140
2763
2384
1912
3090
833
538
575
3678
2049
2470
1614
677
1466
675
713
257
2898
2959
3719
3993
3296
11
3666
446
2796
3274
3571
15
1106
564
951
2863
3784
3658
195
1004
2475
3466
3983
1960
1114
2823
1553
2414
2900
2155
491
4026
3163
3636
2547
3667
2491
901
2516
187
2261
1100
311
3787
3681
3921
3426
1786
2342
663
3497
292
170
2883
3855
192
3911
811
2752
4063
2011
1841
2131
3328
3727
2942
3791
3556
2061
2881
645
1528
1607
2837
94
399
540
894
13
3730
457
290
949
1183
1648
264
956
777
3065
2734
147
1967
3395
2051
2854
3829
3487
2740
2477
2426
2829
723
2941
1309
2113
706
3840
505
2776
1195
625
319
3564
85
2116
2270
1257
522
889
1889
3964
2946
3323
3624
2234
620
1734
2236
2059
2021
444
1270
1505
783
2223
1522
4073
3438
3284
1245
2267
2136
2400
1750
3141
3390
3355
3942
1611
3578
1602
3346
33
2782
1080
1198
572
2522
3598
121
589
765
1046
2561
2198
2241
650
2907
1666
2016
2458
3023
131
3062
3026
2955
3989
987
2961
2745
4080
984
3007
2008
1995
3047
1922
4030
2969
757
560
447
2870
2848
2509
3635
1007
1646
1869
1712
1177
1102
2639
3747
1606
1613
2110
113
3244
845
775
945
1167
581
2180
2043
2866
2791
1681
2858
62
2357
1094
823
1581
3527
1707
14
157
988
887
2826
863
1637
1222
237
3748
4090
1256
573
31
2784
1421
543
605
60
1905
2728
2275
3046
4059
3864
708
3430
3756
3614
469
3687
2138
962
3406
2689
256
1736
2240
2397
1278
2892
2974
3475
17
4047
3076
1703
3297
358
3242
1706
2567
2090
2304
1800
3780
1895
803
315
1632
1708
1783
1780
3945
3491
2558
1088
4042
1819
2722
494
758
1701
632
2927
3340
4053
1488
1298
3103
974
3302
3266
3761
830
3362
2082
3022
1344
809
900
513
2918
1657
1096
906
2877
839
3236
3199
1918
3648
3698
3176
672
611
1733
56
198
2204
357
3526
2891
2690
655
2487
500
2663
933
91
3575
2833
3129
2425
638
165
2609
691
209
2954
1534
2569
1588
1896
2373
3705
4071
1962
4087
972
2623
3767
792
381
3731
1310
2948
3480
3561
1055
1130
1059
1615
781
1159
2222
2421
530
3819
1336
2653
3138
1911
30
345
3596
2731
2072
3948
1928
3332
670
569
730
3106
144
90
2286
1361
737
3126
3021
890
3064
316
3424
3918
4003
844
2508
2315
1700
4050
2139
392
3706
3203
1894
516
1058
825
2979
3334
416
3481
137
1923
178
3847
2518
3833
1379
2024
1416
3366
3088
3035
1026
2197
2221
944
384
2989
2168
148
2248
4
377
3327
1625
1702
2997
2964
339
2169
3453
1318
1010
2034
3240
2243
2693
1240
251
635
1397
2732
3835
2932
1186
2085
808
3834
3935
245
2461
1120
3496
1312
3020
1879
1974
4079
1394
2972
2410
3179
2637
774
1793
3805
1785
2814
3031
1936
1499
1705
3789
3197
3155
3219
387
1693
1015
1690
990
3358
2193
46
2083
1376
698
3914
3776
3048
2615
1969
3832
2616
3926
2040
2070
279
3303
1109
794
2874
274
84
4043
1189
1296
1028
1546
2231
2321
3467
3147
1825
3558
2957
36
3625
1535
1481
607
2668
3506
855
2467
2531
321
2786
3909
2256
2166
3814
2218
225
2156
3932
671
3427
3762
3258
3471
3378
1653
732
552
2720
1473
3554
2427
3927
2757
2331
1617
1403
3627
3853
313
1053
2374
1331
467
183
1652
134
1656
534
1151
2801
1358
1165
2541
1938
298
3060
484
1032
3771
1321
1831
2288
1569
1132
2280
2903
3049
3653
3356
2622
1232
1464
502
426
3002
1579
442
527
3996
3227
807
1339
365
3768
1795
4036
2399
3966
2018
3169
3902
3642
623
824
712
3513
598
1767
2278
1101
1334
1571
1414
2787
1806
1728
788
2635
3733
1934
1084
3820
684
3343
1961
2173
3447
2550
2532
2107
2259
408
1848
3883
1676
278
3265
4052
3348
3363
1313
619
2915
2190
912
3899
3605
805
2192
2053
2126
482
2396
325
3700
2158
2563
827
3839
3606
2485
1835
3764
1698
525
2149
35
2033
2035
2182
231
1929
2631
550
3073
4041
3102
3294
477
2344
3650
1791
4089
1326
810
1264
886
3812
2836
1228
4012
418
2771
3056
2313
3441
1320
3318
996
3994
287
3530
401
1575
1308
1187
2376
1075
3479
1476
1752
2629
3850
2868
1904
681
1543
1479
1723
768
2697
3034
3988
2539
641
128
2517
1510
3449
1697
44
4083
3468
2076
568
145
3281
3207
1297
2633
2502
501
3894
818
1808
848
1866
1545
2097
2560
3196
2071
1463
2130
1836
1000
864
2238
847
1123
2457
3794
2621
3685
1082
2890
2815
2064
3891
3095
3310
3531
185
306
3473
1131
592
1502
2582
2143
2081
2326
2841
3178
1788
1550
891
3689
2361
1885
2723
173
593
584
2867
4032
1348
879
3885
2951
2909
332
2703
952
1016
3074
4011
947
3271
2098
29
3699
2530
3120
402
2436
816
3254
470
1855
2224
1355
3370
111
2910
72
1368
597
2422
3437
3259
1022
3299
2395
1033
1051
3620
327
155
2152
1725
2359
2869
1146
2065
1200
312
2904
3580
347
4075
1194
3
2967
871
2549
1258
1759
3100
235
603
2601
1116
3553
2973
790
1307
3586
2943
1417
3680
1862
2392
63
1283
1515
4019
2285
3044
2312
2310
4037
1853
2710
899
174
2614
374
3341
752
2934
859
608
2091
3721
3542
1951
3055
1718
3421
1901
2057
2991
3588
1119
2709
2889
2371
3623
3269
3357
341
289
177
452
955
2066
2880
2684
940
2207
2211
2626
1083
1940
1755
3589
2170
1982
2225
373
2405
1517
2420
1765
2341
1695
3285
340
1480
3640
1409
3321
1103
963
2230
1349
3003
2217
738
3890
1038
3714
2568
2274
2611
485
3612
496
3246
268
135
2104
1220
2127
3984
1993
2424
924
2821
3566
915
1491
348
1365
3965
2640
3502
561
1351
1282
504
1824
721
892
2482
1761
1241
678
1598
3826
1490
2762
3354
3443
3907
2751
1066
622
252
1965
1680
27
969
3175
1322
1839
2454
3226
1072
1366
2187
1293
3874
271
1459
3262
3098
1560
2644
751
1445
2646
3893
0
1013
3661
3345
2353
553
1768
202
1716
1413
1968
302
3185
1306
1844
3016
1380
180
1520
3537
1549
1225
3961
1845
2832
1193
80
2045
465
1262
1350
3451
299
149
336
2685
3999
2117
979
151
428
45
884
1063
2579
2174
2795
3264
3823
1865
3704
2838
946
55
2779
3075
1097
2001
1006
2600
2084
2899
2366
3463
3593
2387
2743
634
3663
2413
3145
761
647
2199
486
1860
1050
246
3218
2671
2827
2659
228
1881
1608
450
2337
1329
3848
3183
73
3290
3916
3250
659
4069
594
1578
280
3974
2774
3393
172
407
1385
2528
2608
3954
123
582
248
976
1948
3186
3541
1688
1217
1191
1230
3005
3241
3067
495
517
379
286
2209
2806
3957
883
232
3950
537
2521
2080
74
3412
3806
2695
213
930
2481
1304
3379
669
354
1984
812
2419
2041
3300
3568
1815
3718
3540
1030
519
2368
2882
2628
1709
1956
507
1252
750
3233
3277
3372
722
2492
3507
3958
728
3672
329
3409
1600
2761
1935
3128
1739
2681
3726
3881
1691
3694
3135
293
1756
3166
772
1389
3660
3595
3121
3257
2499
4005
4035
2102
1523
1897
2258
3322
3868
2999
633
1907
1044
3405
3728
3896
1501
3774
1568
3817
93
1425
2062
3339
1631
1302
718
3116
1585
2375
3924
3946
643
1772
649
2966
3414
724
3371
1347
1794
2960
1591
3886
2030
861
3788
1067
3629
2003
3361
975
3291
1076
2284
1955
3955
2050
3915
2094
2584
4014
2589
3101
4086
3590
2355
1180
1910
1846
1872
3849
1508
2510
1469
317
267
3385
2698
2655
1722
3137
3732
4022
3703
1633
1554
2800
3267
964
2093
1524
631
707
536
101
1174
1573
435
1926
139
261
2501
966
2945
1798
1036
2382
2931
865
1364
1248
3381
2476
1020
3841
661
3058
3037
4006
3549
3664
3755
3206
3975
2674
1628
3329
4031
307
3772
58
238
3856
1303
2844
1288
3232
217
1047
3517
3871
1196
1809
1601
3448
3172
1152
1327
578
2023
1805
2186
668
2739
563
1039
1619
140
1444
867
3763
2566
2055
1847
2985
1395
3136
2905
1311
1143
2798
25
753
3485
1916
1540
2803
410
2086
1858
234
1891
2930
68
2365
2289
3920
3054
2793
2894
2229
2620
1268
3216
1990
2524
2473
1796
1142
1387
908
247
587
3543
54
3407
1337
3725
1629
749
1843
2354
919
398
1861
2630
2831
1323
693
3846
438
3377
3583
1127
34
3181
1471
4088
559
1060
769
2348
2429
421
2194
1777
1917
3465
1713
1461
52
3521
2817
1856
914
1161
1724
583
2442
3464
1074
3729
524
1645
664
1714
3011
1641
1727
628
3113
2335
3938
203
1594
2203
3560
2835
3415
2232
2585
69
490
2879
3184
1647
1564
218
1440
2249
2965
206
1035
20
1234
3808
3968
107
846
3786
2557
2032
1867
2573
2330
2512
1224
1726
480
1660
1986
1753
895
1422
937
3646
1582
1950
419
2056
1890
3118
2662
3283
1371
588
3757
1884
3930
1410
1402
1937
1561
3132
3380
28
2672
1404
3077
2123
1954
3275
2775
48
1909
166
3252
704
802
309
2012
1267
2276
2953
1906
3769
2667
2208
3360
3563
814
558
1828
3349
3401
3990
1947
1776
787
1721
1081
736
695
1612
849
1737
2975
2968
3555
1454
910
2673
2459
2504
2588
40
2391
265
3036
989
3157
1172
125
2792
557
2586
2227
2657
508
862
2162
3889
2474
2746
1991
2347
3525
2766
3821
748
1378
4058
1539
3740
2101
479
3364
175
1269
3320
391
3309
2754
3000
2245
2677
1868
1802
3545
3522
3359
3417
520
2112
1622
375
2428
609
1541
3534
1452
3308
3643
3180
822
3158
2987
2724
2764
1325
3107
115
171
86
992
3419
1134
1512
880
797
4077
2028
3562
3880
570
2010
4078
1144
697
2346
1041
394
3041
1040
3682
3854
1126
3442
1684
2865
1493
1190
1215
2447
1048
3597
1994
2133
3665
2520
3616
3287
2780
2291
3469
3903
1919
2247
3099
1273
3645
1465
3490
948
858
2564
150
938
2000
586
1158
2617
270
3350
2125
2358
2548
784
2412
1407
1115
3793
3177
304
923
1803
2154
3084
3800
2277
3234
275
785
1098
1301
2292
57
1679
615
3631
1914
1857
744
2636
2178
2718
734
3739
132
2581
3033
239
1105
1498
917
1595
1171
2200
1821
295
544
1921
3651
1552
2239
122
83
2513
1001
51
850
1411
1873
1140
3367
1160
3697
1093
2842
2014
1455
3693
360
4013
3722
2773
1263
959
1384
580
1635
2666
3900
909
92
2652
1352
3802
3770
380
1475
515
2664
610
1341
1184
1209
3895
2099
3843
3952
2886
2463
651
2627
982
1927
3970
1373
2423
2294
873
211
1735
911
3462
1548
3510
2977
1002
1238
3760
3751
4010
2618
3276
303
1133
1975
3373
3851
786
3644
294
3146
1251
2324
960
4033
3862
3191
3573
1899
3374
179
1073
3115
2163
1497
567
3217
2282
1500
2037
690
2678
1128
3866
189
1294
1369
3173
547
1156
443
2078
2445
3601
1770
2574
3796
406
2486
2777
1192
3104
3154
2769
3431
498
3229
3082
4051
3272
2210
3790
2446
463
3429
425
1275
2933
907
2262
67
1255
2228
762
3810
262
3637
1562
3245
1813
2613
2727
3057
1462
921
1485
3519
3324
2778
2456
249
2148
2465
3456
1453
1107
439
2812
3995
2044
3392
1017
3608
3897
378
2916
3559
3922
1091
851
773
3936
1253
2938
2
764
828
240
3884
2917
3383
2271
1664
159
3288
3875
4000
566
199
3454
1674
731
3398
2642
920
1642
2847
1892
1941
3520
629
1332
3991
390
2706
2575
967
3912
918
3461
2431
2073
2237
164
1458
1054
3205
2287
3738
606
1547
1624
3798
2744
3546
2805
3069
3278
194
82
2884
2407
41
2988
1557
4004
1182
980
509
2978
1871
3567
3040
1219
3570
1363
1519
229
2489
2702
112
2533
460
219
3050
266
2118
2311
222
250
2543
3109
3998
3977
3222
1345
1418
929
905
87
3289
3638
2438
2191
1226
3215
2201
999
2301
3639
3741
2434
3617
1900
599
2859
1531
1155
3486
1833
143
5
3613
1946
782
3133
2252
105
2680
3652
242
3913
2462
2111
2717
1135
2206
961
1129
3676
1249
2299
3484
2266
297
3505
2538
1062
1377
3782
986
1544
475
3972
1747
616
1639
2036
207
3411
701
3153
3331
104
2356
3539
440
2980
3013
2701
2360
506
3953
2759
2645
548
2851
1383
3247
3969
3428
3528
3979
1640
1139
3368
4034
163
2654
3123
2963
1789
652
193
1
763
1210
3336
2855
3987
4045
545
1655
876
2328
2696
2546
3633
556
1423
1295
2603
1593
2009
2183
3140
1623
415
1779
2494
2716
3585
673
3338
1354
710
3030
368
3611
3779
2115
1576
1570
666
2305
3591
2026
935
3211
3809
153
4039
353
2483
1042
3072
3190
3313
2738
1061
3951
367
3261
2379
739
3679
3255
38
3397
191
2383
3594
3105
3859
913
403
3630
2202
95
2994
2648
1893
806
2670
2159
791
1781
300
1874
3293
1092
965
1003
146
3845
4062
216
4072
2983
413
3127
3125
1920
4067
2755
2675
3775
427
1658
1246
89
2741
1154
2596
1085
1685
954
554
2625
200
1957
3295
1671
2544
3626
3418
2296
1577
4057
1078
227
2340
512
156
4070
3083
1945
726
2437
528
514
1247
3535
