2832
3957
3767
2660
2221
3884
1720
597
1305
955
665
1773
691
1846
1995
1779
141
2038
1380
1235
3312
381
1240
984
23
3200
203
2810
3354
2618
2158
2008
1239
1920
3253
2474
2316
1095
4020
1608
3404
3825
1287
817
2538
2873
2283
678
3362
785
1456
3588
3269
1708
3233
2885
2102
3555
3159
1048
2013
986
1988
2681
1724
1360
494
3723
3212
3300
1425
753
2633
2922
2967
96
344
878
698
69
2858
308
3822
3585
2303
1881
3472
3862
789
4063
2171
2114
3613
3048
1842
4031
1058
699
1408
1031
1141
3123
1145
1682
3926
3890
1353
3316
176
938
945
2631
3843
1975
1728
3470
18
825
564
806
762
1927
3584
2940
1374
3411
971
850
2533
981
1426
1940
3567
330
2363
2769
764
2200
78
3128
3186
1575
359
3883
2170
2543
4046
1858
2219
2865
3525
2871
1668
4003
56
2646
4086
1996
618
3776
456
887
1727
3950
3806
2120
3364
153
903
816
1820
3471
2934
2599
2693
3436
298
2721
2202
3673
2849
165
1508
2361
797
2580
1200
1807
251
3687
575
4022
1823
3956
3821
1786
1704
1699
2103
3781
4072
1024
2839
3292
387
914
3310
3921
791
2123
1436
3641
1116
2971
274
540
4049
3166
3306
3846
476
1723
3851
635
258
2333
645
4083
2914
3840
1187
2478
2962
1313
3209
2667
112
2003
3160
3570
3770
1573
3893
592
1744
2249
2909
3230
2942
3743
3852
2238
2807
1023
1722
1422
2030
1767
488
704
1086
3129
3728
1124
1853
3406
3848
3104
2768
1713
3531
2822
1
581
2302
3550
870
206
2443
2297
2930
451
427
343
1005
1648
2957
2508
1586
2720
1849
89
1819
3019
3662
3578
1730
3907
2372
2864
4040
47
2843
3655
3542
445
2581
3157
379
3368
72
1810
2654
2356
1610
2053
2179
3103
1543
1879
1244
2326
1013
506
137
2461
130
2645
1680
3006
1196
719
2609
1318
603
966
2866
1516
958
2228
2746
2719
834
306
594
2159
965
2657
2781
662
477
879
1112
4005
2977
1525
684
2105
2043
765
3601
1339
15
459
1571
2400
1107
4014
3990
98
1433
862
677
2738
2695
3454
1292
2222
3757
2956
3618
2138
1153
868
2216
836
1542
2276
1056
754
3796
3439
2189
839
3490
1691
1324
970
3242
1843
1076
2510
2622
4028
336
50
3700
2935
2439
1089
3206
443
358
4052
108
3980
2198
1303
2499
3337
74
3262
708
1669
1547
3718
2391
4060
2872
1418
1552
1693
1121
1156
830
3126
424
1636
3249
3749
3929
232
2394
3693
1898
1688
1775
1959
1455
1745
2917
1198
2722
1277
1036
570
301
1848
192
329
3845
1257
161
3716
217
2860
1499
2360
173
2024
2626
319
1403
906
167
3915
1734
2486
1317
3434
3327
957
2459
93
2374
2764
2906
781
880
145
3301
1798
1716
48
2065
2954
2766
1731
3708
275
2111
2549
2390
851
2789
1875
3934
2994
3417
3831
1053
808
4085
2086
4093
3620
2193
2955
1657
2988
3451
1551
1885
87
3281
2472
1604
2395
4092
1748
2152
1020
896
823
2365
34
3122
2964
1757
1492
1844
942
1652
2011
3579
3964
444
3691
3938
1265
2481
1419
2344
2837
4070
188
3971
3413
3380
3257
1958
2786
892
3183
1781
452
3780
3678
2542
2167
3483
692
1924
2007
300
1758
1368
786
3177
1045
3608
1981
2941
3276
2601
1186
3528
3231
3344
1928
441
102
2584
2600
2928
422
622
2635
2414
3877
604
263
151
2668
113
2012
3812
2320
2700
3456
3622
2100
1115
1382
1291
3557
3918
1191
1596
2449
1893
811
2806
2410
1609
1878
1721
1477
3288
3793
234
3120
2068
3038
2899
2239
1359
1130
2119
1710
1316
2532
1019
3060
136
1838
714
2904
38
3062
1934
3632
3955
849
100
2109
19
733
1362
2926
438
3144
199
1817
3283
1496
3996
1733
3181
2976
2166
2336
2099
3985
735
1765
1629
1763
2796
1098
982
2523
1217
613
2430
417
1474
425
1322
1467
3683
2122
973
3247
1351
3391
1593
3487
2286
248
668
3923
978
683
3366
898
1873
3121
2020
266
3988
728
2412
1766
239
498
399
1113
3054
1717
1185
2791
3000
1869
3065
1390
4090
1444
3004
615
2168
3784
2343
1229
3565
1643
3390
2174
2757
4017
17
394
832
744
3561
362
1515
1497
3428
3238
2996
2828
2697
3201
413
776
527
1957
2066
296
523
2903
3726
3958
3768
1929
1279
1459
2527
3259
1272
1675
3022
3763
2263
1978
1549
1855
1392
679
285
2148
3887
1901
3536
3551
3660
3387
2424
205
2673
4038
2137
1482
2300
1398
1511
3478
262
912
1230
700
3367
2052
435
2455
4035
2398
2246
2084
2492
1825
2979
573
3379
763
2624
106
2551
119
1267
389
3463
1991
2411
2195
1347
2465
3769
1449
2079
1015
1321
1756
36
1038
388
503
236
2092
701
1371
223
120
2183
1977
3317
2566
2553
3393
3589
3762
842
1096
1493
2323
1253
1060
3523
2699
421
3073
3418
2000
2564
3137
289
3188
518
148
1025
2662
1400
3640
900
1209
3966
756
1526
2605
3477
1367
784
2961
2874
1491
2494
1998
1052
1886
2177
2594
2792
1701
1845
3331
1325
637
1404
2692
2085
1805
633
351
566
3861
2090
3721
3229
3612
3399
3643
2452
4027
3273
2779
11
3573
3801
3241
3787
3737
616
3543
2776
1686
803
813
150
3860
2972
1594
585
2113
1158
4000
1201
3333
3526
522
2727
449
1260
859
2215
1979
2884
2615
3522
1850
801
1782
2611
1295
4069
2723
1854
1742
1446
3606
3666
3900
2027
2752
3117
4044
3131
3799
551
2811
1561
395
2134
116
2075
3079
2943
1078
257
2870
3830
152
3634
1123
1949
1234
3913
1945
1997
3408
2280
590
3473
65
1249
860
2506
815
1460
3870
2563
3587
3648
4045
1787
1644
2890
1964
1524
1136
2232
687
1219
2833
1172
2278
2612
3754
172
1399
3142
1421
2639
871
1389
927
2212
598
2307
1626
2987
529
2375
2642
158
3311
3134
1378
2759
3184
3492
3489
4007
1570
3040
1672
1930
3167
3503
905
2908
2643
1160
2357
3808
2144
483
579
2194
2146
3258
4012
3910
2875
1268
409
2805
3075
650
1518
471
283
2817
3674
3279
2515
3081
1067
4082
959
1922
3389
2572
2731
2428
4067
1517
1642
2061
560
1711
3761
4043
3596
1990
1589
2089
2888
3552
1705
1809
2417
1969
2751
1539
3571
1780
3748
515
2299
997
1083
628
127
1792
3539
2670
156
507
2712
2251
198
865
2567
405
1144
3495
3252
3685
3901
2145
2583
2381
3656
3475
3898
247
67
1445
3947
3592
487
3227
3198
3486
1227
2651
1211
1202
1000
1218
2366
3175
1329
4065
3880
3692
220
3529
2149
3594
3274
1131
875
798
2369
800
1980
339
649
1650
3575
3410
1707
3124
630
1430
1968
807
1387
3095
1375
3829
1851
3624
790
2244
2513
252
2305
3500
2949
3703
2857
2659
1877
3170
1337
1923
1580
2653
1251
1264
1598
88
758
144
1001
1718
3625
3959
1012
767
103
31
3501
318
2948
340
3836
2771
178
2002
189
3325
2853
3867
722
2497
9
2950
1603
2388
686
3313
802
313
101
3649
135
2237
2795
737
1304
738
1907
4062
4094
3139
3903
1146
3664
2995
3765
109
3724
2006
1884
2664
1066
1574
1104
2861
3605
2493
607
40
3370
3221
3437
1899
1528
1621
3518
6
3719
271
626
2034
1361
201
1355
2788
2682
844
1633
500
627
3164
1331
1661
1432
1188
2820
3688
3973
2306
2546
2073
577
833
3553
3053
3162
2974
264
2845
2674
2512
1871
2140
3197
2253
2448
22
294
1179
347
2231
1195
2504
2377
2813
3246
1049
3468
2491
3176
392
2919
268
2359
3794
380
2418
361
2154
3235
1044
2399
1654
3623
291
1007
2083
3858
1563
3067
2604
2754
2862
2787
3615
1475
3987
2629
1498
163
2368
824
328
2173
752
3838
3138
2782
2818
1623
2634
3689
953
3343
1363
3637
4
366
2285
3911
3429
2206
2848
1384
746
3940
3607
2936
0
3228
1350
3023
1199
426
1457
742
2258
3194
979
2240
647
782
184
1530
3349
2353
3356
1068
1332
3538
287
2749
3348
3590
1205
2841
2420
1109
2208
2677
3859
26
254
2010
3332
3972
609
3049
418
1381
1451
400
659
1256
1620
105
1344
748
1395
484
908
42
3307
8
180
1470
3187
2829
207
235
897
290
94
1402
3459
3747
3398
3599
1471
886
3807
2823
883
3268
3736
2560
2389
3520
1764
1206
1513
3102
1582
3255
349
2346
1079
3619
2517
1296
1568
2525
2747
2319
1348
482
1043
3738
989
625
2072
1356
2799
2780
390
3499
992
961
1143
3677
3572
2270
3681
3044
2585
1495
835
1900
1509
983
3100
58
2535
1461
3476
1284
606
2683
393
2740
315
3839
2850
610
1903
3032
3119
614
1658
212
1839
1059
481
3879
195
1489
2125
2318
59
210
632
3431
3204
3457
913
2524
3914
2555
2308
3813
3645
2852
2593
177
3582
1794
3114
539
1139
3827
1725
1602
2826
3351
3730
397
3305
204
894
1439
3046
2380
3995
2419
162
3125
133
2511
3994
4080
2929
2393
30
1992
3335
208
641
3056
1315
1559
2127
538
320
3070
1184
3975
3293
3574
623
702
2797
1587
3008
3172
1918
721
582
369
1972
1840
2916
1319
398
1916
3392
1973
1762
2147
1697
2352
1203
3185
1743
629
3453
3979
3814
2224
546
837
3154
3237
925
3052
2054
3113
250
3609
1221
2001
831
3919
3946
3286
3788
62
960
3282
1965
3304
1852
91
1615
694
2362
2342
1106
3965
2364
2088
4061
431
3328
134
1110
854
3775
990
1936
947
917
685
1021
4075
1314
1161
3783
510
2442
75
420
3556
2809
1986
1208
670
3497
4068
1690
1510
2947
890
2279
3016
99
2277
1026
2744
228
2537
2471
434
2186
2067
2225
2041
920
2271
2045
1994
2055
2992
485
1336
1967
3267
3284
272
2840
1639
2706
1572
703
3388
3108
2526
3275
2648
3326
3287
2423
1533
1003
1346
1040
2101
1894
3642
2031
3394
1448
3012
1544
1391
1553
1545
1670
256
1266
3917
747
1429
1911
545
2518
3330
473
2733
3020
690
1259
2665
1103
2794
1388
154
655
2742
1077
2415
2838
1220
3697
403
3061
1635
602
312
3386
3264
468
3981
2057
4039
881
2056
121
2266
1815
46
2592
3954
1071
2489
357
2264
3068
2402
3226
1320
3133
869
2049
1732
3446
3544
709
3179
2422
1664
2552
3171
504
216
741
3732
464
2984
1490
580
567
2063
882
3577
55
1463
2790
2313
10
940
3381
1579
725
2378
196
3882
332
2469
2562
991
286
2814
14
1829
1527
3239
2846
2855
3097
3192
2440
211
768
1159
950
2690
1032
2627
3272
3560
3208
819
2907
3243
2679
934
45
2881
2554
3321
3445
1966
563
3833
3098
3591
4041
348
373
1190
931
2255
1694
2915
226
909
3346
2597
682
1452
1194
1887
3339
3210
3790
4034
2192
2051
2128
3033
795
3671
3876
2708
460
321
2522
2014
3373
3039
1338
3363
3096
2157
1754
680
3559
1100
3203
3265
2095
3515
4055
3580
1954
2201
1140
586
3127
3635
2164
2479
273
493
1231
1157
2427
3010
2269
3350
2371
1659
2732
3791
951
1569
54
4089
3886
3385
2944
181
3336
2704
107
555
3359
3083
2993
4073
933
696
1791
2432
2132
717
183
2808
333
1859
2842
2291
1562
1407
1242
52
2256
3657
171
998
1671
1002
853
1409
2736
170
2978
1224
3329
1370
237
461
3223
3423
793
2774
3505
1952
1080
857
729
221
3527
2889
864
3077
355
118
1258
1394
1951
3976
3484
1828
3369
436
3598
1063
1937
233
2406
1566
734
1897
771
3178
2207
37
3999
502
3480
412
3072
1578
3320
2475
2233
2476
3920
3682
591
1118
2295
2981
777
1983
3752
2859
924
846
282
1760
3085
1861
391
2457
1411
3191
3338
2709
1750
1896
1687
1836
3050
1289
2575
2652
2724
187
1476
450
2296
2559
2162
3804
715
1741
2541
1383
3694
693
2966
2588
2081
2284
2892
2245
3207
371
83
1709
2047
2701
218
3118
3087
1154
430
2556
2617
3627
1016
3433
3031
1554
2770
1311
242
2437
472
325
1974
3896
3452
1872
139
3993
1882
2869
3849
995
1037
988
1294
3358
1041
3533
2458
2772
732
1412
2561
1830
309
3506
1632
646
1909
1335
2026
2188
1751
1117
901
2587
5
572
363
1453
3744
2473
334
1583
2647
24
3545
1797
2334
559
2463
4037
1122
354
3419
3676
1415
666
2330
743
2218
2229
2735
1177
779
2433
2877
1521
497
796
3563
1269
1982
772
2477
3977
516
672
3180
2819
1447
929
2451
3866
2456
2282
3263
652
855
2213
1932
2905
3576
3869
4030
3294
2104
1541
3899
2728
3376
2958
3713
2729
1560
1555
1550
1181
1293
2756
2332
827
1088
2214
2150
1902
2628
2737
1386
3415
3725
3219
2753
2309
3298
1127
1892
345
1895
3805
2565
3583
2032
1933
1261
2235
419
3443
259
3516
2220
3308
1162
642
3889
281
1502
1637
2329
21
3034
2438
840
1808
3722
1232
999
168
3906
1908
1193
757
1883
3774
664
724
2762
2016
3371
3548
2416
367
2382
432
3680
1458
3082
2685
2172
3810
2379
3214
1703
3512
3554
1479
3639
1683
4079
552
1481
3904
356
3871
1343
843
2048
3997
969
1534
1532
1464
2688
3850
2687
2502
414
2185
521
608
7
937
759
2310
528
654
3665
1087
2589
548
3967
1142
3323
2351
1405
1504
1262
3290
1175
2918
1588
611
4084
2743
1816
667
2487
1285
3488
3424
3260
653
1055
314
561
2836
3240
3094
3927
1989
3534
2649
3933
2596
27
316
1529
3213
2894
946
2989
1084
866
2715
1050
2129
2358
3057
2514
631
1064
4016
1546
620
3135
4023
1753
1030
511
2897
1376
229
1333
3405
2680
1149
2
2641
2460
2033
326
2404
1910
1214
812
245
814
2739
1592
3824
1168
284
2260
1488
3537
2901
1795
1302
428
750
1397
2980
2741
2151
2636
3638
2775
2118
1867
2348
3455
3261
713
3803
761
41
3874
922
2623
4091
3865
1018
1093
915
3277
190
469
3695
3715
3502
1443
1097
1651
1692
508
1523
2815
612
3742
2568
1938
3401
968
2250
3895
3631
1737
3745
186
2324
255
1135
1761
374
302
3225
3421
1788
3141
1866
847
1647
32
2973
2793
4006
517
2468
3701
2110
1597
3841
932
1804
3001
230
3982
1600
13
1327
505
3028
1556
3130
2548
949
3402
1282
193
681
2184
1962
3101
1164
3324
3586
587
1424
1806
2534
2204
1611
3508
2965
1925
305
3224
1281
1011
939
2937
92
2620
2325
2436
3844
574
1250
1274
755
3909
2531
478
2370
1366
3853
4076
1166
3969
1802
3535
2663
2435
277
3
550
28
669
331
3319
2060
1126
2557
1931
1396
2464
3524
1485
3190
2046
2761
2126
583
1039
712
3322
3698
3798
1677
1736
1341
2876
1105
3568
2586
956
3088
3299
3414
114
3403
3090
1729
131
911
1014
1310
385
4066
299
386
51
2891
2669
1243
3974
197
1501
1207
661
2938
2121
872
2763
1431
3733
2694
2290
2293
3530
3653
589
3220
2570
2387
2135
985
4071
2730
3633
2991
2519
3244
2480
547
2547
68
2425
3562
2262
1638
1970
2784
146
3786
1047
2827
3937
2830
43
4033
619
821
402
3614
2155
3951
3107
1183
3416
1246
2913
227
1576
3341
2112
3621
1042
3610
3375
2321
1094
4036
2911
3355
3400
3153
4058
1410
3444
3684
1054
3891
3013
194
1129
2726
2867
39
884
673
2029
2108
1033
489
2236
1577
2970
3968
2528
3106
84
1749
3932
3842
2610
1465
519
3797
1075
1237
2713
2691
350
1150
1612
406
1017
3983
3897
3564
576
2345
1450
2064
2598
3466
1605
568
3734
2015
1252
1275
2161
2241
600
1857
404
1667
542
4011
3182
1865
4064
1514
2898
3816
1947
3422
423
895
918
1278
2804
1826
80
3441
4057
71
2350
1414
3936
1434
3009
2800
1752
3467
360
3426
1108
185
3706
353
2500
115
3604
2932
3361
1876
3702
3741
2886
3511
1494
1921
1373
2009
1505
2327
2421
1417
149
1120
1985
3412
3217
852
2878
1776
1028
3199
213
3115
2367
411
3205
1706
3818
2959
1099
279
76
1441
375
3750
111
2267
2574
1169
3271
1746
126
1619
2777
322
1793
82
1614
1999
2912
644
1868
1634
3245
2856
2116
671
3296
2496
1841
2883
745
919
2590
3597
1180
3163
707
688
3789
1961
267
889
3939
1022
1565
1862
3961
243
1008
1987
3878
260
1286
1624
1783
1062
3498
1984
2602
2521
2650
1960
1147
439
1591
2301
1197
1618
2091
1035
3302
2725
1837
2990
1821
3823
1484
3630
370
1345
2714
2573
2107
2035
179
3218
1665
327
97
1768
2893
1796
311
1700
2383
2655
3196
867
1935
77
2608
2632
1590
1567
740
1297
2450
3758
3772
2087
974
963
512
1073
848
364
1178
303
2069
1312
372
3211
3136
2243
3720
2698
904
1486
820
3766
1641
826
1870
1833
2676
1522
3132
1889
877
2141
297
1061
2607
1666
3372
2124
1943
549
2315
117
1769
3069
1946
536
3953
2227
3309
3063
2661
3396
1956
1438
377
2259
2672
2036
3395
465
3647
3832
2196
3930
674
175
4051
463
3193
1004
3465
3826
2217
525
2710
1138
240
4032
532
1616
2226
346
3037
3442
496
2392
2755
1072
2951
964
1950
994
1427
70
3285
440
3931
1428
1719
2847
639
66
524
2254
2176
2082
1939
810
1306
1942
304
1340
565
3989
2268
479
3569
2529
2211
3407
3146
368
1607
3835
3491
64
241
2686
1148
2017
1953
2289
2384
3847
1663
429
778
3216
2705
2501
3735
3145
1283
2373
1531
1941
993
2178
1856
977
2953
1535
3819
1595
749
4008
2482
2613
2887
2040
3357
63
1364
930
1676
3710
4088
3546
599
792
501
2210
1069
1755
804
29
943
1656
2577
1082
1204
2825
3517
2666
3091
2484
2074
3704
4025
2169
3469
1248
3854
731
1300
1090
3289
893
3675
3055
293
3340
1299
2621
3026
1238
3952
1276
4054
2175
4053
3011
2117
571
1507
3352
3888
780
3018
3195
3109
2156
980
3978
1912
1420
492
1435
2902
3663
2312
1114
1480
335
446
676
3924
3705
2274
643
3409
3464
448
1503
954
1695
1800
1462
1271
3021
907
1357
2407
558
123
3174
3690
307
2812
2098
3541
2591
2261
3462
3254
588
2921
3303
2844
2945
1483
1085
33
4009
3669
457
200
1165
1225
2558
2273
1326
2094
1564
656
164
2191
475
3809
3151
2545
828
1065
1468
4001
1212
128
1739
3868
3222
3679
2910
2275
1714
495
3857
675
716
1726
2816
2397
1290
3709
651
858
3165
2997
3549
1027
2093
341
829
1520
2234
2952
2044
730
1976
3731
2767
3941
1334
261
2925
1081
3365
365
2625
4019
396
3027
2339
2638
1379
4015
2824
822
2879
2444
2077
3116
736
2717
249
2616
3712
1584
1777
3360
3654
2998
3820
384
1679
2544
480
3342
1906
2745
1074
3510
3777
3863
2923
3080
1070
4042
2485
4074
1772
2042
514
2640
2982
1662
2076
2298
90
1328
225
1622
3460
3440
2578
202
534
4010
928
1255
766
1377
2505
601
3438
2750
3035
1890
3740
1581
885
2223
1831
3155
1151
3925
2165
1236
2197
873
3960
455
3986
3051
2070
2696
770
2431
1540
2835
1919
584
2446
3382
3532
1309
1132
1606
2801
1914
2386
2718
2281
3449
3377
3078
2080
2447
3435
520
2209
3593
3948
543
2630
3066
2999
3658
3672
1519
1192
3250
2341
2975
3353
3140
1472
3773
1163
3105
1631
596
941
1245
1913
621
3753
2933
433
1860
856
4021
3785
25
138
3383
182
1152
1673
3041
2028
3234
648
3007
640
3922
2968
408
3064
3297
437
3450
4078
3474
81
2707
1119
1747
2180
79
1814
2337
3943
3717
2021
3707
342
720
155
1010
1173
2637
1905
1155
407
2503
3496
2802
317
1627
1171
2434
3173
2536
1233
2863
544
2230
3782
1216
3746
61
845
270
1681
3802
3644
2895
3278
3266
1789
2311
2540
3513
1646
2340
975
2582
410
2037
1617
1684
1698
2516
2142
2199
49
636
3905
3202
3881
1864
276
605
3521
2059
1715
499
1223
595
2252
1818
95
125
466
1342
2785
1167
1548
3908
2322
3002
944
513
3646
169
12
2413
531
987
1111
3168
1469
3739
3792
3270
3448
1740
1585
3425
2106
1993
3944
324
2509
2579
1674
338
3458
4095
697
2851
1034
3928
2986
2946
2703
3232
490
3447
3817
337
110
3148
1247
1369
658
2671
2347
3397
1835
1358
2314
3759
3295
2143
3481
3378
1880
401
2778
3834
2983
219
3837
1778
470
3670
788
2115
442
20
1917
35
2656
972
1226
3251
773
3984
2675
1538
2711
2734
3093
3998
1506
2896
4024
3025
2160
3504
1926
695
1174
3696
147
1401
794
2454
2467
530
3755
617
280
3991
2765
3885
2023
569
3509
3875
231
1241
2644
191
718
2716
1891
2317
4077
2354
474
3076
4029
3558
1628
3970
288
1963
1801
3729
3864
3872
2748
415
2409
3461
3661
3519
3334
132
2096
265
2488
3581
3892
2385
760
1051
157
1288
1785
874
3024
2834
1738
2900
3149
3507
1774
1803
1440
1210
1536
1280
3005
295
278
936
3902
1537
1759
4018
2678
1812
3493
657
1478
2571
1176
2025
1273
2595
1352
486
526
3600
3017
711
124
3595
2097
2619
2462
269
1466
3112
2882
2130
2190
1046
1712
376
378
774
787
1625
2760
215
1228
1365
2985
1770
352
2702
3603
1349
1137
3236
3014
1832
3042
3280
1847
2139
3110
2426
1263
556
73
1125
3811
3566
3432
3873
160
533
876
769
1487
1971
2004
624
1101
3651
1413
996
1630
3150
2022
3345
952
1601
3650
2078
2338
3189
2470
775
129
2136
2401
3374
3617
2376
3158
140
3045
4059
2288
1330
222
3992
2050
689
3912
1354
1784
383
3318
1811
3074
2272
3714
1834
143
3540
2569
53
3699
1057
3815
926
3547
1423
3616
553
948
2265
2969
323
3314
4002
3727
751
2495
1655
2331
1308
246
3047
1678
2153
2429
3427
1006
2880
554
663
2798
491
1473
1863
1649
122
2292
2205
2247
2242
1029
1134
57
2466
1874
3143
509
3628
454
4047
3248
2203
2920
3099
2520
3659
1557
2355
3494
1822
3161
224
710
4026
935
1213
3668
1128
2019
416
3686
462
3036
1307
967
3169
104
634
2821
3778
1091
1735
310
1660
3482
3015
1092
2441
3771
2606
3071
1385
891
3420
2758
2576
541
2831
2550
3626
3043
3756
1298
2453
3611
1500
2408
3514
1702
382
1009
2803
739
2328
1133
1824
3800
3894
2287
3086
2924
899
2181
292
3215
1813
3760
660
3058
809
2294
2349
253
1170
3347
1254
2335
1372
85
2248
3764
467
3291
706
458
557
1915
535
1696
2058
3059
166
2163
1640
2963
4013
3629
3935
2939
3084
142
2960
3003
238
916
2854
1558
578
1888
2783
2405
921
3315
3942
3636
214
3916
1393
2931
3152
1685
3856
863
3945
1182
86
537
1790
2773
1613
1689
3962
2530
1944
3384
3795
902
1771
2507
3751
2396
1102
3855
2868
3779
1301
923
2182
3828
3029
3147
976
209
638
3652
2614
2498
3602
3089
1406
805
447
562
2684
1645
799
3111
1442
16
1222
1799
1323
727
1454
1955
3156
2603
3667
3949
3030
2403
2689
838
4004
726
2483
2062
2304
888
3963
60
2039
1512
1599
2187
3711
2445
2071
705
1270
910
4081
3430
2018
818
962
4048
1827
159
174
244
4056
783
2927
4087
2131
4050
1904
841
2658
1215
3479
3485
2257
1948
593
1189
2539
723
861
3092
2133
3256
2490
2005
1653
1437
453
44
1416
