3151
4019
1418
3086
807
1610
1625
2145
2777
3567
240
3676
2659
2503
249
3668
2529
478
103
578
1683
918
1326
3374
439
882
2412
2213
1498
4082
3879
1546
3020
714
3181
2382
1595
1880
3724
2622
1324
3398
368
3095
3775
454
1356
1760
985
2410
3070
92
671
3845
52
60
3659
1441
1317
2111
542
2910
2422
3472
1331
146
1564
1953
1586
3788
1283
1778
806
2757
845
1308
1819
1600
756
956
566
2725
763
1673
2950
749
1762
3518
3707
1638
2939
3305
3857
1809
306
3
257
3274
3399
2337
2922
3190
3587
57
3023
4022
3785
2274
64
2890
126
713
2956
3122
2174
2483
1667
1671
3376
626
3862
343
114
3850
496
2536
1789
591
2053
1898
1013
1928
1538
1753
2932
837
2021
2123
149
1921
3604
3079
883
1316
3245
1565
3606
997
746
1440
2401
1913
3531
3838
1692
876
953
1034
1624
846
232
3631
296
3215
267
312
3541
1532
3407
1267
3883
3898
2906
1378
3163
3187
840
3329
1507
1033
873
2203
94
2798
1743
3099
398
897
1991
3339
2313
637
154
2157
3452
3149
1171
3588
2257
2283
280
610
1057
2051
1504
2674
1947
1096
1890
3218
874
2306
991
3635
797
2397
1694
2319
268
1766
1735
2165
3340
3524
3629
503
366
485
4014
2322
4008
2268
1486
4068
562
1382
1052
2632
2821
4057
3306
3683
576
1873
1266
781
1084
69
2781
621
511
1419
2290
2142
3315
2992
2986
2543
2459
3459
2957
2249
2609
1296
1338
31
494
375
4081
1432
4021
2779
292
1748
3889
867
3763
2556
1701
1078
3373
1224
2865
2482
1906
559
639
2281
531
1575
3740
475
2011
524
3557
131
716
2019
736
467
3157
2678
2381
348
4095
36
3126
2796
1122
1579
2962
3973
380
106
792
3108
2617
1275
4049
105
2647
1558
3623
2458
346
3401
3734
725
3171
1807
900
654
1304
481
1490
1831
3468
1583
4040
1578
1138
2655
1941
3616
1042
1550
3100
3210
2813
2130
1144
3243
2820
2997
2327
2826
2052
733
2614
3490
742
3166
2519
2164
272
3904
2235
3780
2377
1390
2494
555
2240
426
3071
1655
2057
2947
3577
2307
1397
1909
1670
1964
1176
3670
3146
1455
2920
2721
2928
3986
108
2417
3235
1528
3860
718
2919
3618
4041
642
3675
1256
1783
371
3168
2400
1710
3999
1531
858
2197
1121
2825
1987
2069
433
245
722
2560
1700
3612
2751
2478
644
3957
530
3716
230
1106
2115
3584
2573
2963
3844
1400
3874
582
470
1393
2969
2623
2068
3741
2644
1251
2490
2332
4032
3881
3512
1797
2442
925
473
1492
2221
2171
136
2879
1391
3694
2044
4083
1820
1832
2512
2857
2763
2534
2819
2849
3236
3821
3460
3561
47
936
4070
2260
2717
2528
2657
1965
207
768
3622
1254
3008
4066
3454
4075
3766
377
3581
3118
3931
288
793
3005
1892
3962
812
538
2831
1938
3727
1918
3926
3191
760
3511
2122
3534
2498
1223
2684
2497
584
668
1814
90
2407
821
2304
2594
2180
662
847
2679
862
1072
3841
765
1464
389
425
2328
3822
156
1725
3104
3830
3184
3492
1060
1857
361
335
921
1771
834
20
294
702
2214
319
3271
3853
2190
1328
3774
2858
1177
1330
214
2608
2305
2566
1662
2723
56
4030
3684
2340
4026
769
3427
12
2803
3751
1406
122
3486
1590
663
117
1459
2211
96
1916
3713
1902
28
710
3834
291
2664
2128
933
1801
1731
640
3493
2996
1996
170
192
2012
888
349
958
1227
1231
3006
2223
3599
1495
2215
1897
3068
2007
1734
1633
1278
1436
1370
1379
1211
3757
1593
2451
2889
3970
2993
3710
3771
664
2311
3281
2753
264
1383
707
905
68
2118
357
3603
1853
3548
1180
3456
1195
116
369
794
3546
200
506
796
2951
1130
2269
2887
1284
788
352
3978
2089
2088
2514
1457
885
128
2467
2952
1602
1477
188
499
2243
3560
1931
1596
3469
2584
3911
2882
3408
3739
1438
1518
142
593
1699
4090
1526
2455
3429
1157
2152
1332
2372
2426
2728
3397
868
1238
1615
658
2409
2769
2731
1827
2873
2631
946
5
360
1192
205
223
1166
1082
1240
2080
3959
1161
3796
884
2010
983
3294
3250
3183
3609
3311
1295
3375
133
3078
2789
1358
3661
1720
3415
2356
3702
2921
3871
2039
1396
2055
2613
2708
546
1821
3178
982
3681
1810
969
3754
185
2883
491
2074
2953
3359
1935
2505
886
1350
2489
242
2619
3143
415
622
429
3132
3550
922
384
2335
3347
2038
3138
446
1124
2380
3608
3439
3784
2439
1519
2597
2231
3307
1724
2090
1048
3093
3433
345
1622
2390
1678
1434
1353
533
757
3737
3717
1656
2515
1619
574
3632
340
3906
1822
708
1007
529
2571
1152
4009
275
2258
3390
3363
4079
3207
3268
1020
1555
3094
3293
3647
995
2596
1543
902
1998
2072
3084
1053
3062
2376
726
1571
766
616
4065
1075
1716
1398
919
1153
1802
2418
45
3643
3804
1729
3886
2552
3646
2737
3237
2637
2666
443
3781
2842
2056
2913
3923
1433
27
977
1674
3867
1188
2406
3111
3576
2370
2869
3705
522
1512
3571
1297
2178
2569
39
1758
2911
180
4037
1582
2966
318
3582
1367
3098
2144
770
1184
878
3621
1443
1672
672
1160
1125
1755
3244
1848
2990
1530
561
689
3242
2518
3335
3671
2894
3689
2363
1927
2395
1859
2800
1243
3824
2726
3628
3687
3478
1915
3180
2092
3488
681
2185
191
652
1967
1663
99
2085
1540
1949
3425
261
199
1394
2570
842
3916
2279
732
3319
880
2835
528
3196
589
989
3758
2853
1076
928
1026
780
772
1461
657
2671
3054
2358
2616
1695
1776
2294
3370
1954
30
1312
908
863
1303
1879
224
186
2792
799
1974
1598
472
1849
2770
3849
3159
270
2964
1142
1787
2872
2420
3839
2047
3233
2669
1392
480
701
1128
3882
783
2539
2888
2624
2488
2256
631
7
40
2846
1769
1271
2807
3365
4031
1676
1232
2181
860
10
157
3463
633
239
3077
2457
2194
3939
2032
762
3877
4053
1318
2114
3264
2531
3753
1861
612
556
298
623
2331
3234
1917
2202
2546
325
1207
3983
3155
4025
808
501
3677
3551
532
2670
2691
3787
1803
1472
3521
3442
3027
2067
1281
3510
3046
1462
2480
1545
390
3480
2387
3723
1576
3777
3795
1137
2003
4039
1885
2806
3470
3812
2061
2310
2828
619
3417
1952
3997
1588
1248
1509
2062
3065
424
1055
1185
206
6
2086
2001
1210
1867
1183
460
1627
2935
2735
934
1989
2550
2949
1837
1260
1726
1220
2264
2266
954
256
3891
302
1870
1384
1208
2177
3130
2771
1310
3642
911
143
2017
761
2839
1744
1496
661
3420
1212
3673
2201
130
2271
112
3922
1607
1107
1835
2396
1087
1871
155
4035
1960
1428
754
758
1739
2612
2481
614
2736
526
3222
2466
3974
3553
836
1597
320
3503
2100
3069
147
2729
3543
81
227
516
2504
1718
2049
1840
1263
750
2877
1679
728
1945
1453
244
1932
957
2129
3611
2793
609
262
4010
2611
2905
213
2766
967
3393
1244
219
3499
2532
1523
2355
3353
2980
2982
2704
1613
3121
3948
3377
3977
813
3736
2804
3667
3994
2924
659
1754
2107
1010
3801
3847
1028
646
1257
2915
3199
3225
1959
1168
3897
2625
1541
3802
970
1306
3491
1992
233
2146
1038
184
3601
246
386
3842
3267
1976
4072
2635
1133
2076
3914
855
1299
1120
598
2371
949
3112
2896
2302
4084
2681
2524
2656
2740
1642
3144
309
2125
641
3357
4078
255
1291
65
3291
697
3933
2863
1777
3578
2555
994
2099
1697
1201
3692
906
150
3517
3160
2989
3219
2502
2733
1069
3695
987
1806
253
2139
3200
3029
2979
2035
3197
2811
3865
1765
3394
2755
1852
2881
1287
4074
2509
2752
917
2415
3662
2856
19
1629
201
3362
1058
2937
1825
1770
259
148
3048
1202
2942
941
3273
2151
1066
2772
2170
2023
2028
3195
3564
461
3797
2289
2823
508
3042
1401
1603
1474
97
1479
2876
2292
3148
3542
2270
3679
450
2087
597
3152
1442
3706
3866
2551
2339
2347
1347
2747
3653
3013
438
1446
85
3762
1099
1175
1289
24
1934
2048
1404
416
673
1652
1882
1828
370
1605
1884
3535
648
1110
2517
1417
864
2907
3081
403
3269
16
2891
397
3262
2218
1093
287
1070
402
3873
1449
216
3899
2759
3537
3905
2554
3928
2031
951
564
3450
535
1143
1300
1352
1205
417
1386
2037
3201
2564
893
2408
123
2411
2822
3619
2166
553
1349
175
1101
2430
744
14
2563
915
2850
2413
2014
2897
3449
1660
178
3405
248
3626
3663
1005
2486
2468
2446
3759
1856
2878
1225
4028
1469
1311
2284
785
400
1506
1245
1077
2665
3664
667
3467
3536
221
2501
3292
3387
638
2041
2473
1881
3782
1186
3001
1830
2701
1749
3424
1047
3868
3808
2854
364
3033
2216
165
1430
350
1444
2700
3026
225
2706
3836
3514
1482
301
4004
1206
3223
1302
2462
3330
625
1940
1008
2816
100
1270
1375
1159
1631
4007
1337
2471
3352
1373
181
2095
2565
669
996
252
3943
2073
2236
3380
887
1460
2791
486
2959
3530
163
3574
3885
2472
1752
2774
1649
2383
1387
3209
3142
1321
2862
3230
1343
3610
4077
3372
2300
603
98
4089
2710
2155
2276
358
1197
1883
2255
1732
2562
372
410
500
466
2452
3504
3968
2734
228
3428
432
1580
441
189
2871
1800
1792
715
422
2746
992
2209
1437
1481
3300
2851
1454
3473
3938
1067
2298
18
394
1911
1154
285
515
1369
2163
3413
3422
798
1502
299
1975
62
1105
2836
2783
971
3129
1315
2944
3276
2788
1651
3497
1894
70
3061
1851
2250
3238
2167
1385
2943
1290
38
111
332
3035
1341
1843
107
3045
3258
300
3958
3908
1458
3732
703
1272
1774
4013
406
724
379
3807
550
1733
2696
2692
3878
129
3955
2686
3605
3465
1689
1706
3388
2909
2263
2923
3052
1445
3277
647
3067
401
11
1411
2321
3794
83
1994
1573
3598
2463
1061
2005
3985
3320
1581
2903
990
2967
690
1705
1003
3559
2507
1037
2795
210
2143
49
2318
1544
2312
832
1872
194
3596
2510
3000
190
1966
3371
678
365
2785
2591
817
1709
1715
3334
4073
1592
3282
800
567
2607
1023
2815
2054
1511
1626
1273
3358
1886
2675
1623
3188
469
3231
2112
177
1222
17
2861
755
820
2006
3976
894
1522
3021
326
2360
1696
2484
137
786
197
1946
891
592
1351
1742
3903
2588
3438
2275
3211
168
3494
3666
1912
1658
2908
3288
694
848
2188
1402
3783
1041
383
2205
2641
3173
2244
2272
3805
1250
3597
2391
1768
945
693
396
771
3818
1413
3402
2936
829
548
1136
844
2265
534
974
2025
1150
3900
1499
3843
3301
3316
2971
447
87
1785
22
1399
2765
1090
1425
4052
2874
2801
600
2496
636
1659
3116
1059
3832
1618
2829
1693
1746
3278
4093
3846
849
3034
1098
1539
265
3028
2738
2833
58
3169
2650
3333
2098
2893
1668
2636
3945
3198
851
2124
3927
3414
1862
483
167
1751
497
3256
3721
1864
2009
1908
942
2574
685
2475
1329
2780
3039
857
273
1116
3720
1847
4087
1562
3800
2149
1109
1294
3980
3909
4046
2843
1646
1850
682
48
1309
1247
1723
2693
2649
333
727
1791
2252
2898
734
1009
3815
124
2200
3176
1483
2315
2754
2375
1162
1380
21
2965
3825
2301
3963
15
2393
1112
3672
1714
1866
489
653
2685
3265
1174
2434
3920
1772
651
613
2523
700
463
3056
3295
3270
2317
3930
1198
385
1431
376
2610
3172
1216
881
3902
850
2134
3133
560
2542
3182
2206
231
3527
2978
1818
3253
234
549
3082
3007
751
2525
1815
2654
838
2241
3778
2000
3594
3266
2217
1824
204
932
3522
2576
2628
3272
1376
1292
523
1907
711
456
215
3565
3346
1368
1784
606
283
1956
279
164
3936
4055
3448
565
3729
704
1017
3770
73
444
2273
2667
258
1403
815
80
2338
1839
452
3972
1018
3119
2787
1891
803
1173
824
2884
2296
1601
2364
281
1051
359
89
3106
3154
3134
3615
3105
1919
2991
717
2697
3064
336
1985
3208
1795
3650
1793
2972
1970
3912
3744
2106
635
1280
655
3096
1955
3066
4062
266
1288
952
2131
896
1209
3053
2899
988
1405
870
2955
1170
1229
764
3637
2587
2719
1424
3712
1439
445
935
2297
3309
1323
3870
602
1722
3014
739
3158
159
3037
1366
1841
3443
3411
3947
599
3523
3179
3364
392
2592
580
8
484
2582
4063
2120
3030
4094
2168
1525
1568
1641
3496
3083
1721
2389
3036
656
4085
3356
409
3289
3462
2071
568
1569
3177
3951
895
3015
904
1505
76
329
2385
158
1653
1164
1333
4088
3769
814
1089
1798
1669
3229
3032
2033
827
2605
2352
2526
1812
3786
3017
1452
2108
2150
1035
2844
778
2643
2773
37
2040
2404
1548
2135
2137
1361
337
3639
2141
536
1095
2248
3573
2419
1829
1617
3389
3656
2183
1757
3698
2652
119
3620
3725
1219
773
737
2365
943
145
2379
594
2830
2645
1258
3240
547
1650
1155
2730
2778
4003
3861
3680
2810
852
1560
2948
1585
3525
1899
458
608
2238
4050
1485
3579
1374
3813
2326
1717
1878
387
3004
3790
2930
1344
1534
1249
3563
2104
3540
195
1388
3869
879
2762
2162
295
2802
1265
1036
4076
1054
1688
986
3392
1119
1986
2476
2002
3545
1675
3189
1923
617
2688
2535
3633
2450
3410
1520
1371
2133
1896
1348
3336
1451
3075
3145
307
2016
2295
1246
1893
2239
3915
440
109
869
462
3175
236
442
2646
1497
3287
2228
2900
449
102
435
1422
2698
477
3722
2208
552
121
3127
151
502
3669
2251
250
2629
2508
2277
1834
2253
2116
2713
1362
1320
274
3384
3446
2435
569
1900
3988
2585
865
1817
735
1131
1961
3743
3971
1189
3888
2036
286
2172
2814
889
1129
2758
2954
4086
2653
434
2495
2334
688
2199
2182
2437
91
1274
3789
3412
362
3772
2743
1577
2818
4091
3894
1503
1572
3645
1556
741
3137
3641
1990
322
2548
3326
3186
3892
254
1876
2604
3691
973
1097
2105
2464
3750
2158
2683
2225
1127
413
2946
1750
3856
1213
3040
1666
2938
3114
3260
3125
811
3658
3625
2359
4033
1887
1313
2642
2224
677
3019
2110
1085
2402
2229
3913
2527
1471
110
825
1113
963
2709
430
573
2567
3701
2970
588
378
2320
3990
3752
2511
843
2694
3435
959
4020
3123
3964
3284
2732
686
525
1707
630
395
3987
3607
3907
2429
2350
229
767
3351
1204
903
3471
976
504
3975
3799
4048
104
3917
3279
2233
1111
2242
355
3624
315
517
2918
1100
938
3135
1421
407
1684
338
691
127
3826
2384
1
1910
2070
88
2722
972
3895
3652
1307
374
1261
3665
4045
1016
1354
519
3430
3089
3595
2492
2444
3969
3934
823
521
218
618
3798
3049
2354
2782
1781
2212
1645
2742
892
539
3228
1040
1920
3749
1056
2741
2078
3549
3776
2499
2064
3828
833
937
451
1559
1632
2599
2431
3932
3745
3404
1930
3697
2456
2219
3107
1763
1215
1823
719
1158
2461
1594
752
509
138
518
929
3259
1713
3016
3852
2981
289
1980
2186
2267
152
2707
3572
3823
1476
795
2705
2015
2081
3102
4058
913
4043
3648
2522
3041
1664
2538
2602
321
1997
1001
1775
2443
2941
3314
2329
2870
3323
1064
3993
2191
628
4054
1993
729
1942
1904
498
1640
3767
4080
331
3748
202
2421
344
1628
3829
1501
1727
1587
1014
2809
2998
687
743
1508
2680
2314
3718
3533
1971
1325
1529
1636
1563
2627
2699
514
41
2578
3859
779
1621
367
571
1319
940
1612
1925
4001
3092
587
1687
3477
3719
3193
3654
2043
3711
2533
2175
3507
3214
3649
3591
615
2308
2885
1983
1395
1515
3756
899
3998
2303
3742
2176
3580
203
1359
1796
2004
2156
2346
2786
1169
3876
1363
2661
3682
3018
3203
924
706
1024
3516
3538
818
33
1450
3325
1237
1364
1074
3981
260
544
382
3204
3226
3299
2029
2246
3087
2760
3212
2579
2977
193
2034
2724
2030
1591
2477
665
2232
2824
3296
3655
1979
3814
950
2065
448
42
3949
3768
120
2083
3345
3139
2378
3251
2262
1255
675
4
2690
2994
790
187
2695
3502
3893
1903
2600
3080
316
1972
577
1285
3354
3423
2189
3297
2184
854
3940
3880
579
305
1838
1728
1704
1944
1233
3321
2673
161
1117
2561
2995
1409
2668
25
1102
1145
2638
67
391
595
2840
2805
2438
1466
1355
198
789
1957
3704
1475
723
2892
2958
4029
487
4071
1929
2799
3482
1118
2660
1816
3350
1062
948
3012
1948
1682
2366
2474
2282
2234
910
34
3043
1071
43
78
1614
1423
3539
944
1489
3205
3910
95
23
978
2349
585
339
1533
620
563
2336
1637
3735
3547
2140
909
2577
3827
3434
26
72
431
993
1123
1895
2103
235
3854
3445
1335
1079
680
134
2196
3047
3318
791
2082
816
2808
1527
1561
2999
649
3730
2204
2436
1844
3699
4002
2237
1804
1845
2416
3361
505
3586
247
1187
251
3761
59
3437
2441
2132
2875
2790
927
1922
2008
1104
1022
3634
1604
2153
1043
1855
2544
404
2094
277
2620
898
3558
3726
4051
3746
3367
3989
75
84
2541
71
1510
4069
2226
1680
3509
3809
3194
3167
1741
3820
93
3484
2427
3475
3216
2968
920
2530
1030
1279
1228
4015
1132
1114
408
3379
931
1779
748
1305
1019
3835
1134
1584
1264
2925
183
3232
3793
3366
828
471
135
2230
1889
1661
2198
3700
2316
3220
79
859
877
166
1147
86
629
3395
3074
2207
1178
3487
545
2447
4038
1083
2827
101
554
1858
226
4059
1808
1091
3124
872
1639
217
1322
4092
3324
923
1711
1811
179
1151
1690
3474
2848
2749
1491
3248
1914
3285
1981
1372
1524
1984
2424
1936
3476
2324
29
3816
2775
2341
3348
3505
551
1634
1846
144
3011
2703
74
2220
3638
4011
3440
720
731
3025
2050
3221
3872
3131
914
835
3109
2487
3946
2493
3101
3884
1092
1345
4047
1606
455
411
558
2864
1268
2388
2589
139
3302
586
2983
314
774
981
1901
753
2797
310
4027
1467
1012
955
290
3935
2750
3833
3887
2392
1410
353
1298
853
674
1863
1148
2557
1905
3117
1888
297
1786
3261
3091
2161
2022
61
3059
2917
2744
488
1939
476
3391
645
1703
3956
2931
474
3263
2926
2353
2369
968
2018
1780
3901
3747
1968
1790
1426
2651
2445
209
901
2866
1698
2500
2767
4017
2933
171
3544
4036
2516
2618
1869
3002
82
1836
2187
2079
3009
695
980
3556
2976
2299
2362
311
328
351
1200
2658
3128
709
3996
1958
3224
4067
2886
1339
1230
1865
1241
1301
1340
3792
354
1542
3337
211
3982
3500
3386
2077
3466
643
3185
611
2714
1493
2254
979
1473
2280
3227
1045
1759
1163
3458
1549
1978
2716
1381
2428
1860
3406
2126
3441
13
3162
1875
2159
330
930
1165
2
3600
2916
581
1242
2590
510
2553
1470
520
1494
3073
238
1686
1963
3528
541
1235
3921
2626
3944
2147
2288
3051
3432
1456
113
44
1139
1269
2662
271
208
3831
3950
947
1567
1943
2575
3058
1756
721
174
777
412
453
1146
3715
3966
543
2727
1484
2640
418
3304
776
2066
1465
2287
1685
1193
2852
2912
2485
1730
3383
3738
2169
1088
2046
423
3991
3651
3685
513
3461
2286
356
2333
1191
1377
3686
347
3418
241
2344
2580
2394
1877
804
2440
3919
2097
3453
1933
1002
907
140
3303
3840
3416
2914
313
1094
831
1648
2606
427
3338
2812
2423
220
3590
2672
1447
3239
2259
2558
3678
3113
1463
4016
405
1108
399
3464
1429
1435
2513
3764
464
2453
2154
632
570
866
759
2630
2547
1286
3003
3192
871
1977
2927
3640
698
3513
3275
2465
468
3317
1589
3202
2834
2460
2768
3153
3570
3896
2689
1747
1336
2102
1608
2059
3925
3613
3431
3984
3419
182
9
2096
605
1029
1049
2013
282
2549
51
1719
55
699
2432
1416
1365
3529
1031
63
419
1073
1027
3481
381
1950
2222
3451
3255
1389
1044
2720
3526
2195
3532
3076
3864
172
3283
730
2374
3755
3110
3811
2880
1259
3489
3837
583
2291
1021
1826
1547
3328
459
2904
2537
527
169
1126
115
327
575
2399
3341
705
1517
3331
1149
1065
1252
3630
1794
3097
2193
916
2934
3280
2245
1218
3508
1516
1611
3385
1999
2433
3050
1103
1282
3342
3174
3592
3436
2745
1253
2601
1226
1574
3161
2160
363
507
222
1536
3501
1551
479
3217
4024
2615
3485
3583
1407
1046
3400
1537
1221
1677
2325
2367
3636
3344
324
3495
1141
1557
826
3779
650
2119
3286
890
2373
1357
3875
2682
3937
3589
805
3953
3593
745
1115
160
54
428
2895
3657
2386
3696
3690
2603
3979
2559
2084
660
53
822
3246
3381
176
962
2974
684
3455
2210
2847
4000
2841
3072
912
3479
4034
4060
1691
2469
1708
495
1924
2398
960
35
1478
965
1032
3817
861
2479
819
50
3552
1217
3213
1234
2902
2739
2985
2506
2368
3728
841
141
1599
512
712
2581
3150
0
3426
162
2192
1239
679
676
237
3731
2764
3044
3403
3063
1006
2127
3355
1360
2712
2136
1854
1172
966
2470
3714
2403
493
317
3819
1277
1630
1181
2794
421
3327
3602
3085
1412
1420
1570
999
2020
2715
2405
3312
2838
2568
787
2960
2227
3136
975
342
1488
2045
2448
278
1000
2973
3709
2756
276
984
66
2929
830
2748
2975
2987
1535
4061
3617
3858
2454
3929
1194
3156
3568
1448
2091
939
3765
1050
3703
1408
3965
1190
3498
3483
3170
3627
2247
1702
3368
3952
738
810
46
604
1293
4023
2293
1788
1635
2027
2634
1156
3088
1521
303
3060
607
3164
2676
1764
2121
2425
3010
1025
1643
557
269
1334
1068
782
3290
2837
212
414
2784
2639
2285
2633
2859
3298
1140
4056
3360
3165
436
784
2901
3760
3378
2109
2330
1015
3369
2648
3942
1712
263
4064
3322
3995
2663
1500
3120
3249
1937
334
1988
3575
1414
420
3918
3409
4006
153
1736
2058
1782
2117
173
3310
3660
3506
3313
1063
1833
1609
961
1514
2540
373
1738
1314
1214
3566
683
3562
1342
4018
3038
3954
2520
2309
1554
1805
3421
2179
3992
3890
2026
2868
1179
3115
3806
2595
2361
1566
747
1553
2024
2042
3848
998
3444
1203
1346
2342
1182
1086
388
3332
3644
2677
465
2761
670
2598
1468
2545
3569
2491
1973
3343
3519
1276
3614
3396
2867
964
1767
2702
537
1745
3520
1761
3674
196
1874
243
2414
3241
3457
839
572
2572
457
2860
118
3967
3308
2718
740
1737
2060
926
3554
3090
3708
1004
596
809
393
1427
856
1236
1616
2945
2075
802
1681
1167
2961
1799
2449
1773
3254
3855
1647
3057
492
3103
341
3585
2278
284
2173
437
293
77
2817
2776
801
3773
2093
624
1199
1842
4012
2063
132
696
1868
3022
3206
2323
1480
2113
1951
2345
1552
1487
1665
1982
482
3031
3147
2711
3810
3941
3863
1740
601
3055
1813
1080
2521
3688
2593
2348
3693
2855
3257
1327
2832
3140
3349
2988
1081
2940
692
1969
3733
3803
1962
875
2621
2138
2351
3791
32
3961
4005
1620
4042
2687
1262
1415
304
2148
634
3447
1995
490
3247
627
1196
1039
2101
775
1654
2845
3024
2343
666
1644
3960
1513
4044
323
1926
2984
1011
540
3382
3555
2261
1135
2357
3252
3924
308
2583
3515
125
3851
3141
2586
1657
590
