3730
1985
1950
2730
3872
1535
69
872
2844
1726
2649
3266
3764
3109
331
3683
3218
3154
3870
2275
1027
801
1326
811
3994
1173
723
3582
1818
3857
3407
988
2976
128
1647
1285
685
1909
3320
1698
59
28
3350
766
1037
543
2852
750
257
649
706
1382
771
554
2069
3101
2566
1251
2153
1652
2884
323
1854
1759
1361
3485
4061
35
2141
2077
2061
1280
3124
808
1914
2291
3502
871
2970
44
2558
2425
957
298
2243
1835
2713
3693
492
1688
2416
3481
3642
3133
3891
3774
3610
3556
3482
1034
2204
3433
3132
3368
3651
1307
651
3282
3797
3223
2191
3650
626
3015
1897
1174
2612
3419
1642
1453
898
2511
174
1663
1404
1293
2697
2205
122
752
1810
103
1509
2792
1188
252
3430
3212
2387
356
2510
1041
854
3437
1031
1709
3030
1038
3879
724
1667
1875
1968
3104
3627
506
631
2785
3541
269
1738
2047
3835
2776
3593
1725
3674
1545
1230
4069
555
3894
1620
3769
810
2522
2056
2042
2714
1402
3129
2093
335
1179
644
4052
1928
1706
2541
1711
3841
3369
352
1467
1765
3990
1637
3599
2468
3622
3237
1376
308
2140
2743
4037
3807
2015
1290
2671
538
529
2942
2946
3915
3856
3278
954
1161
2838
536
3311
868
629
3624
968
3945
656
2286
879
1999
570
2969
3886
1702
2125
3708
1310
3659
1870
2105
2667
3078
2245
2116
402
1168
3619
2516
1028
761
1093
1533
3353
3658
1587
80
1499
509
3280
3411
2229
518
2371
2306
365
3638
3583
1735
440
1912
3809
1986
1491
1934
1446
3852
1798
2794
1217
542
694
2265
2708
451
2897
2809
2994
3999
2549
2138
2829
3554
2219
1292
105
3763
674
2499
1381
2867
2509
1716
2846
79
1279
3607
2593
1118
3537
3561
1860
959
1488
1478
2992
1574
3468
3125
2595
1317
1657
697
2045
1399
1836
3054
117
3044
3663
1532
1157
1665
1228
1313
2324
114
2619
1704
1579
3802
467
2789
2517
3248
813
3840
3399
1205
617
1705
2665
696
1151
2630
1358
2783
334
2225
1377
814
2862
455
3783
36
2353
876
1096
1354
1700
907
3240
3995
2152
1055
2292
1492
2460
2410
3145
1463
3360
390
1773
2929
3137
178
2815
899
1394
2750
165
3711
3136
3531
3196
163
1214
3431
1513
92
888
1120
3888
670
1673
425
231
1629
853
37
3668
998
1378
1823
1683
3962
3581
1967
3255
350
3236
2155
477
2533
3704
3298
1811
3241
4070
1339
1724
3967
3176
2402
3155
374
3625
2731
548
4042
3889
1455
17
142
63
2556
2113
1498
796
800
3557
3341
1335
2187
763
58
718
3836
2576
353
1527
3337
466
377
2392
1103
1309
3596
2209
2726
3040
3063
519
1133
4045
1662
330
1220
2142
1472
381
1229
2330
1392
1355
2305
1955
1806
526
1209
1126
1640
2562
2098
1150
434
721
650
1011
2252
9
3275
259
1085
1996
2107
2443
2830
1124
627
1065
2388
456
2738
3351
3173
3588
3609
1020
1302
3679
3291
856
665
503
901
478
3560
1158
1438
977
280
1857
2948
1932
2129
563
1589
3629
557
3497
2635
2965
2935
2796
3191
3304
1117
913
2458
1984
3908
2064
386
1344
412
414
3488
2896
1610
956
214
3601
3687
1359
2194
3086
2890
3960
2691
945
3765
1273
1469
4033
514
277
3328
764
2024
1077
112
716
2933
3844
3913
2366
987
1778
2359
3993
95
2715
2139
2768
3877
712
1603
1155
1105
172
3024
3349
3895
4043
314
3445
1886
2722
1233
2824
4088
596
1328
821
587
2298
799
438
3825
3164
3421
2210
1236
1695
24
312
2822
3122
1350
4053
1432
41
3922
3097
262
3909
1599
2905
3820
461
3790
2774
3654
613
292
309
2070
1930
1927
60
805
1774
2132
1139
2685
195
2836
2686
636
1452
1969
1568
3319
3130
2507
3470
3691
885
2513
1056
847
1970
2446
2553
1430
3318
3464
1534
1523
1299
2014
1489
234
3768
1295
2832
34
2356
1710
3019
1863
2999
3382
2475
185
4034
143
2654
2439
3406
1167
1054
2755
1501
942
2536
595
3816
3649
1586
1272
1505
1116
364
1733
416
132
1204
3956
565
2456
3712
917
789
1412
3972
325
2104
930
3300
3903
3427
2874
1543
3105
417
1679
1474
3641
2539
659
3347
89
862
2346
1566
2019
1938
3272
12
2632
1840
541
263
3489
1958
2959
1465
2651
3545
1995
748
1001
3805
3396
396
790
2879
2079
648
1351
3829
156
1674
2467
1508
3566
1804
3022
1924
445
2208
1321
3026
3749
3338
2057
3085
130
1437
3689
2147
2440
2966
2483
1625
1546
1433
931
3902
2317
3801
3523
81
367
3258
582
683
228
442
604
2248
818
2120
3293
2272
2278
3605
2401
1330
3571
354
738
2276
393
3439
360
2119
2267
1018
98
1939
3182
473
2122
2492
1851
576
1602
3559
1297
817
2027
1497
2479
30
719
2369
242
2427
3898
1113
874
2811
407
3387
3027
964
405
1605
400
2341
2899
1560
2974
2849
191
482
1746
3734
209
1346
1372
1301
1577
10
1712
1658
2732
2250
3287
3167
2176
2758
3631
2417
3449
3791
3868
3731
3958
1957
2503
1253
2051
268
3528
2720
3620
198
3910
108
2284
4065
2347
3093
3434
1266
3842
1612
2808
1016
27
1213
3597
883
1707
955
3981
4093
2196
1176
786
2956
164
992
1575
1342
833
38
3336
1732
2162
2487
1154
2022
3803
1198
3099
2973
3675
646
1843
3743
3107
286
3539
2903
2182
3819
1461
831
1763
3454
2201
3787
2189
2570
3398
704
527
1607
544
3968
3833
2046
3453
186
1352
2355
1672
2989
1675
908
680
2873
3361
441
3245
3700
2531
2365
3729
2082
863
1654
3665
2760
1206
505
2218
320
4075
941
3089
1449
3965
3098
1130
244
3339
3963
3436
1890
499
1087
1032
3384
106
2271
2734
3234
3555
3823
124
1895
2800
2006
52
3312
2756
67
1948
1760
2096
188
2226
1060
378
3313
1565
31
1450
3988
1362
1671
2266
1243
3940
1946
1699
2420
84
258
698
2574
2677
732
3611
2482
2310
3393
969
794
2421
3042
1234
2523
4078
1316
4003
1983
3333
3933
3762
1196
3633
1300
3309
1315
894
3779
1369
4
1439
1066
2390
770
3755
841
654
336
1944
2413
3660
593
2711
3172
2396
2170
345
877
3197
1973
2791
212
2757
1364
333
1790
2334
3032
2085
3780
2825
3039
3316
2422
1349
4038
2237
150
3397
3037
605
2813
1971
2676
3864
3189
3443
2954
2127
2274
3162
2054
1819
3383
46
2512
3317
3166
1583
1538
2221
1537
225
2133
840
4039
1235
3415
857
601
3716
1979
2764
2030
3247
3511
528
953
430
3010
1386
2552
3391
681
1539
3941
1661
419
158
23
3178
2613
2227
3087
1551
1794
118
2023
2754
200
2087
835
1949
1340
2348
1332
1320
1286
709
1398
49
1506
3952
318
446
2169
206
2363
1507
1416
2429
1135
2748
3621
3238
3884
2546
575
357
3456
3737
3377
2320
2039
2706
2168
3348
944
1207
2178
2779
468
2424
226
2134
2173
1628
3969
552
1099
1325
1462
2452
1799
113
1108
686
2991
2591
2627
201
3477
183
2819
1419
2084
3367
689
1887
2097
3183
2892
1993
1745
3175
2241
433
1033
32
3141
2864
2179
4040
2770
1088
3068
311
385
2804
2652
2473
2656
890
383
3911
687
1635
3604
3925
1252
2453
375
3912
2893
3594
2975
2121
3574
3666
3536
884
2610
369
2851
2195
1908
213
2374
1923
1653
389
508
4036
1109
1792
3515
757
572
2089
3846
2008
119
562
1879
3160
2545
3047
756
65
2222
1751
1718
3315
3853
1121
2689
3081
3012
3753
2841
391
1180
3138
337
73
2988
1084
2803
300
3637
184
653
129
2866
3518
2405
3821
2996
1042
971
3732
2997
4010
973
243
3217
3144
1123
2485
2916
3270
2795
4004
1019
3301
3112
634
1892
2501
816
1929
1813
491
3206
2915
1114
2637
2200
3754
1580
2223
2418
176
2193
2040
160
1691
3181
2993
301
489
1830
2058
5
2101
1630
1052
3413
4073
3678
3458
3006
3707
3036
1283
3906
1408
2526
3595
762
3379
3782
2908
1363
3851
2583
3847
2423
3261
1141
3490
1917
951
2081
3471
2001
819
3759
1428
3698
392
1922
4002
2534
1201
3506
989
1884
3662
2858
210
1289
2449
745
2240
1518
3459
3664
2441
1676
1591
3165
609
1267
3224
217
2543
3475
215
3020
77
1651
285
1425
652
1079
2984
1348
984
3714
864
1729
4059
3008
1737
2615
1197
3329
462
2109
667
3735
2624
260
1434
3584
116
2939
3295
2986
167
1740
2181
2488
3127
64
4026
22
1334
4011
2548
1068
3142
2287
1223
338
3305
1071
2367
1824
133
3977
832
2314
592
2599
2216
1966
3697
2137
1701
1783
3408
1785
4018
632
642
3751
1357
645
1734
637
839
227
8
2432
4048
2486
1611
3106
1431
372
3961
991
4025
1194
1091
1119
2696
2239
427
3742
2407
4030
1989
3214
2937
1609
2801
3205
2213
1936
229
2690
1218
1006
2535
3074
2524
2572
3793
2251
408
1684
749
3869
221
740
742
1305
4049
3457
3049
2283
1418
1598
2805
4068
2840
454
3324
2601
290
2
904
3980
3930
1754
2277
3134
1994
1664
450
2680
2412
1697
1303
68
3996
3260
2235
3425
938
710
2633
4055
3752
2870
2192
3788
2436
2144
1815
55
1187
2157
2859
2161
3194
3198
3838
2329
714
533
3064
1951
1481
3959
3538
1842
2112
3939
3860
1200
3727
1094
2280
278
695
3970
2723
2717
1845
510
3758
1156
380
2662
3997
474
511
316
3108
2913
3017
1540
1441
344
950
1862
3606
1370
655
1444
2080
3901
1112
583
3120
1203
1493
546
1184
781
2739
3576
1921
1747
2282
355
4094
431
4072
1311
896
3684
3591
700
1171
3618
3062
237
1762
48
1522
547
2952
404
1744
1693
3174
3726
3677
1208
3345
1817
4015
663
2563
2925
1490
507
2060
3279
2763
516
1563
1145
51
235
181
346
3029
2694
2100
3388
731
2257
3483
3269
2687
1255
619
2568
792
2309
830
166
1238
3772
1743
4056
3252
3881
480
1072
2962
1768
3696
490
2982
2038
3580
2990
2981
275
849
1504
2746
2749
1447
3854
141
3562
2930
3286
1555
972
2943
1268
3216
754
3533
1536
2761
1573
2608
836
3771
3215
2596
1226
1770
3964
2650
1100
2605
2498
739
1742
2972
3158
3927
753
2716
2135
3149
3306
932
3370
3924
1931
1391
540
1406
3447
2727
1484
3974
2834
1962
1384
2741
2393
1073
1639
2818
2518
3469
294
1937
3373
1287
2769
1834
3501
3021
3221
673
730
303
281
1514
3919
349
3426
1215
2316
3420
2502
245
3504
1153
1422
4084
1288
20
684
3199
2117
986
669
3710
2812
153
1219
2659
802
1597
3052
2279
2459
2474
2491
3695
1781
2623
937
145
2598
2603
3982
2634
2826
1389
3048
3508
3814
3352
2869
994
3090
1062
1848
787
2041
3354
2154
3831
581
643
3630
494
2332
923
3474
1807
3128
4013
3681
1097
3424
361
3770
2074
1076
2639
2663
2315
3002
2629
1021
3867
363
21
2853
1058
577
2233
3548
747
1900
2837
828
1666
850
2461
1222
3014
2636
3386
2585
3080
3466
1800
2073
1122
1128
3818
2863
1075
1013
1517
2202
13
2328
2579
606
1417
3747
3592
3723
2228
1634
2131
70
2244
2557
2898
43
15
3084
1232
218
1172
826
553
1553
239
29
481
784
420
240
1470
2609
1275
1035
1633
1990
1767
725
1144
3195
140
3076
3812
1677
1242
2290
18
3250
2745
1567
520
2693
569
1982
4067
2958
1136
845
1017
192
628
891
1318
449
2678
1003
3510
256
3971
975
3614
1542
3928
382
2514
3756
1471
3004
3082
1786
3146
902
2415
3251
1604
3522
3705
2643
460
2881
2910
4063
1952
421
1165
912
2788
2673
523
3342
3123
85
1623
3878
2360
2102
793
2442
2856
2075
3524
3156
2270
3390
1082
2362
1294
3177
3203
940
3050
2564
0
3766
202
1244
997
90
3170
2885
1479
946
867
2886
1858
525
1613
3976
86
347
1023
1227
147
2592
1435
949
3417
2658
3811
2744
598
3673
2414
1329
457
3579
4019
1022
1904
1327
1549
2759
1649
1026
448
1659
976
1451
545
3552
1005
1864
3227
102
3033
1336
274
99
3025
3274
3628
1147
776
3461
3359
2500
3564
2172
2386
3512
224
2911
2409
236
1338
4044
3880
2932
3289
2382
339
2530
1476
3573
1405
2977
3119
566
1107
220
177
1466
3381
638
717
2231
2578
2471
2151
3243
2489
1427
3920
2882
1401
2156
2321
3296
4066
1
3719
2419
1040
1070
1655
537
265
4017
3246
1241
1689
1544
751
1277
204
3371
1162
3713
2450
1894
2294
3808
2323
3600
2753
483
1850
56
3931
1992
3400
1053
3094
866
485
3071
1396
668
1046
1795
1366
1131
340
1556
1012
4079
97
1853
2544
2110
1341
851
736
699
453
110
3303
459
2554
2035
2302
1142
2260
413
2165
3448
2197
3950
1324
1083
2303
2230
791
3491
3507
2707
1191
3307
282
2261
2798
574
3904
1014
3110
746
1067
1766
3013
2735
1356
397
19
812
679
860
1719
82
3011
2944
426
3800
1189
304
600
3690
2950
1261
795
2889
3644
2106
1680
2437
2124
57
2273
3473
641
107
3135
3070
1730
1387
4012
2011
2000
1237
2068
982
2345
3404
1885
2451
3045
981
3265
305
271
2447
2790
1562
2247
2657
2971
3647
2050
1074
1049
3871
1007
3669
248
194
1736
2478
2995
1910
2285
767
2773
1975
895
1825
246
1849
3702
1812
3558
2059
2026
1926
146
639
2938
3921
151
624
2688
1516
3465
1945
1429
1166
1411
1390
2206
2062
261
379
1343
3519
3294
693
2614
2814
1964
3441
2044
1998
3978
2444
568
2411
2336
3208
3947
1866
2616
769
3440
1048
2308
3209
2391
2455
4060
2625
1296
306
3975
3892
2490
1487
1195
2242
3645
1140
1367
2160
2016
3332
1169
3792
2288
2721
3077
1081
2947
2065
197
671
3569
3832
2293
3992
2698
783
3741
207
406
691
2664
1521
2580
4005
3055
3503
1409
1871
4029
3721
322
1997
2600
415
2712
144
3
1002
3016
4054
497
3139
4009
2128
1590
3900
2833
293
1186
1953
3121
139
978
2384
1397
1413
2904
3720
310
744
422
958
247
1769
1319
3028
2368
3949
1368
3225
2597
159
2351
2817
2725
3745
2211
3499
1525
2860
875
1855
880
3849
3632
3874
3680
3804
4014
1624
3113
254
2701
1403
1486
2092
3416
3478
960
1211
1656
443
2177
3363
2979
615
2877
3242
1668
1210
3355
3140
131
125
3346
2066
559
1972
893
3916
3091
2854
2149
1415
952
1274
2215
3184
2682
1143
829
3899
2108
4083
2728
1502
3885
3330
216
4074
1809
1820
1503
1782
3180
2254
3565
4006
2901
2055
447
1216
603
2887
892
2733
922
376
3810
1687
3455
914
2462
2506
3116
279
4058
3001
999
1572
94
2985
2850
985
1907
3003
1512
1421
539
2021
1748
3031
2880
1821
1050
47
3500
2955
3672
549
332
1826
2784
2835
134
2438
1868
1278
3163
1134
3517
2190
3917
3715
1199
916
3813
3656
3547
1596
3682
3692
168
4082
2048
283
3760
2587
2114
1933
476
3826
2777
3530
3817
2729
1000
920
315
264
3773
3452
2435
580
4077
614
3460
2606
3648
2646
2497
809
1741
3213
3463
371
2034
2504
1010
921
326
2921
182
250
3526
3616
2426
2037
2433
1696
3450
1247
1638
1600
3796
3848
307
2802
3543
1224
2304
3126
1183
2843
2618
3795
3551
2445
14
2567
2918
3451
2403
3521
3718
558
232
2333
842
2086
2340
1110
1714
2519
2480
3775
2582
3740
1756
2699
2602
1448
727
1692
66
3546
965
1867
3937
3979
502
219
3652
1965
1541
522
3617
2927
3018
2463
2028
3635
1739
2357
1648
126
803
1777
3784
3281
3942
1636
1164
2031
3575
822
1731
2594
3343
1160
3955
3550
664
3058
501
4046
688
121
3935
4001
1400
2224
175
806
1889
1791
1880
915
373
995
3858
2326
585
633
452
2217
3254
1876
196
366
886
1977
1181
3186
173
2581
2900
223
1911
760
1913
2781
3603
1443
4023
775
4080
3422
524
54
630
2379
2848
170
4028
3863
608
1576
2184
3612
947
1039
249
2378
1856
804
2389
387
873
2941
2648
3403
2621
2968
2865
1170
980
4041
3553
1803
2540
2917
42
4047
1520
3151
2907
3259
1631
820
612
437
2810
3487
1622
62
2318
3072
1407
550
470
2174
741
1312
3157
2099
1837
3657
2912
3824
1482
2118
1872
2520
2876
2002
588
1360
2521
3577
1306
906
758
843
1519
1881
1978
1877
3414
3429
2188
1063
388
2681
1569
2628
3480
1483
3271
782
2920
3148
1146
3527
1571
3423
1371
3639
3781
607
1175
1618
3498
3890
1548
2025
2751
2642
2528
3493
2963
2158
273
726
3231
532
2559
2203
253
889
2569
3623
1775
1379
551
1681
203
3325
2406
1524
2672
961
936
1137
342
211
3602
2385
859
1626
2322
1919
3344
289
484
1061
2631
3374
3948
3746
3728
4062
1420
3670
3587
3534
3472
3226
3435
2083
2469
4050
1959
658
970
3694
2335
729
3757
2264
1009
2934
3873
3385
2352
1531
1802
1796
2891
2987
3394
3905
996
1477
3188
2146
1592
4020
1410
1115
616
3973
594
3323
1896
3389
3932
660
610
1024
2508
647
120
2186
844
3376
2561
2375
2143
1030
3776
471
495
3285
2126
765
515
2166
423
2431
3572
3686
1323
3220
136
458
2525
1104
2312
2710
2775
1494
2845
4076
1485
865
2909
3516
3053
2831
1393
3785
2350
1593
1395
2821
939
1941
26
785
2787
2342
1906
3495
3256
708
3934
3615
2259
3987
2465
3744
3544
83
1454
208
1256
3409
3887
1257
1375
3828
599
2145
878
2472
3402
1445
780
3418
1345
846
1314
3806
3444
1960
1901
1878
3738
1423
1584
2928
1846
487
4027
3207
1530
2515
3009
1920
3428
3357
2978
2029
1047
4021
578
3267
2150
1847
2998
384
1690
3815
1138
2115
3364
1723
157
88
848
3263
2906
2855
3509
189
2300
934
2018
3954
703
2430
1250
2771
479
4092
1582
403
3067
2888
3276
72
3643
1935
3688
2164
2095
1089
2529
962
3277
3748
127
531
1480
3057
4064
834
3059
327
1554
2354
343
2661
2778
1940
935
1898
368
3492
3096
1713
676
2331
4024
2607
882
472
3951
2258
824
409
3484
702
1265
2670
2020
53
1805
701
1458
96
3103
2797
2175
967
40
2742
3865
3476
2496
735
2295
1259
3192
3985
2527
1947
3326
1832
190
943
3943
2700
155
4086
3626
1685
1722
3193
3855
1873
3918
2705
661
774
1608
3299
496
1753
3850
3875
3210
662
1859
1111
3953
2762
351
3204
424
2949
205
2653
2249
272
3438
1981
1645
589
2679
1086
2377
3041
1874
2123
720
1632
2767
3007
2010
926
3998
222
2547
3513
154
1829
463
3185
2256
3211
3117
2875
1095
87
2408
1239
3035
855
3957
2078
1595
3586
3923
2878
571
319
1322
2590
4016
2704
2588
493
2765
324
3446
1869
2883
4032
2091
622
4035
3308
296
2571
3179
3676
432
1529
3102
1258
1269
1291
1660
2481
3462
295
2477
1078
1129
1092
2565
25
1976
887
1132
1004
1212
1414
1925
317
3794
2383
2940
3598
858
3722
4071
3570
1715
1057
3284
2752
3412
1192
573
1015
3709
1721
3334
1064
3861
620
3092
2960
1682
1281
3380
2033
3335
2448
3699
1905
1249
3283
2220
1839
2494
3228
3789
567
1757
11
1248
560
2071
2931
1963
45
1304
797
3733
3540
2666
193
1159
2668
2398
3297
2924
1282
2573
640
3395
2344
3153
2183
2839
1643
2339
2296
3845
3302
1468
3520
881
2617
3168
1991
1271
3750
169
3219
4008
1029
76
475
2198
3288
2922
1383
2325
3834
3202
4087
3914
3340
3568
2736
270
3724
3661
3567
3893
465
3926
1557
1008
1177
928
2253
2063
1528
1758
3563
2823
1601
3646
3685
4085
530
395
2709
436
3896
287
2111
435
2953
2620
276
284
1374
1298
2094
682
2780
1822
1883
1245
109
2136
2238
2307
3432
2457
2957
266
3061
1051
3230
1771
1779
486
3356
3767
61
2007
2214
3161
1308
3725
3169
3366
1780
2381
74
149
1127
590
3876
2806
3532
870
288
3118
1262
93
3991
733
2130
2641
3331
1496
1606
2067
171
1678
1547
1495
3253
1388
3244
1043
1347
773
1264
3799
1440
2827
2043
2542
1974
3314
1442
3966
1561
439
3786
584
500
3830
4081
2584
3262
2645
3147
3983
3190
1833
2103
3222
1750
2476
1797
1670
2983
370
291
1588
297
398
2263
2017
1761
623
1619
597
2923
3257
1069
1380
1178
755
3496
3907
464
2185
1893
111
2683
561
2299
1617
1260
1808
905
517
1036
2640
1564
1784
1459
2236
2338
3938
2234
401
3365
2861
2370
3083
1365
2180
1511
1801
1550
779
2343
1202
230
3505
1828
2674
3882
2327
2538
418
199
1727
1899
2737
1464
1616
1916
564
768
3946
2493
3362
4057
690
2012
534
1106
1185
1903
2009
2090
469
3075
1776
100
1581
3837
825
2951
3859
2167
3023
1788
823
1852
2163
135
974
4095
498
161
2675
2695
1373
807
1772
4091
1090
3736
827
2967
1510
2638
1814
3043
1956
1987
410
3655
3777
788
3479
2740
1793
2611
3143
2003
328
1193
2980
1385
179
7
2847
428
3051
1456
1614
2669
722
2936
1276
3936
75
3984
1752
1240
2311
897
3525
3467
979
1650
2281
2289
2464
3590
233
2586
2772
2622
3187
2589
3986
3634
3798
358
1844
429
2702
1644
504
2484
3069
2268
1615
3375
798
837
3529
852
3200
302
394
3088
521
591
1225
3405
556
359
3494
2919
2466
3038
2428
2724
1526
2660
3897
1333
3131
861
903
1231
1841
444
2684
1457
3778
672
2703
3671
3264
1101
3232
3358
737
2550
1621
3866
162
2902
3000
621
50
3152
909
512
1838
3150
362
1720
2828
3706
3589
148
3442
3653
299
1102
321
1831
2793
3636
2400
1270
2032
313
1475
677
3268
2747
3233
251
692
2816
3378
666
734
1263
2434
838
3079
2262
2297
1098
1570
3739
625
929
1559
1816
1827
675
713
3171
911
1988
2786
2076
2159
3640
1943
3703
2577
743
2207
2397
1980
963
267
2072
2470
3034
1627
3073
71
255
925
4000
3827
1059
2269
1694
1558
348
411
3005
3249
3229
1865
1861
2914
602
1585
329
180
3549
579
101
2171
3056
2560
2337
815
2053
2647
657
4051
3060
2255
2842
990
2319
2532
2575
2394
2505
2692
2088
2358
3114
993
2052
2895
918
1578
2655
1915
1789
900
2961
3095
2036
3717
2148
2376
3239
3839
2626
2894
4007
1686
2404
1125
187
2719
2782
1594
3111
2454
3100
2551
2013
635
2718
3235
3883
3514
2399
2313
1460
711
4031
3201
715
3392
1163
1954
39
1025
2004
1080
2246
4089
927
707
966
933
16
772
137
3542
3578
2820
1148
3989
2644
1749
2301
1436
678
1891
778
3862
1703
2495
2555
1669
2945
3761
1717
1787
513
3410
2049
3822
1552
2766
2380
948
2212
1149
1337
1190
3322
3159
3292
2372
2604
3290
3486
3115
2361
3321
2871
1473
924
238
3372
3944
2199
2868
3613
399
3929
983
1152
1221
123
138
1254
3535
2799
3843
1044
1888
78
611
705
152
33
919
104
586
3066
115
728
1424
1426
3327
4022
3046
1961
4090
1246
3065
3701
1902
777
618
1882
2395
1353
341
1764
91
1942
1331
869
910
1045
1515
759
3608
2005
2232
3667
241
6
3310
3585
2349
2807
1500
1728
535
2537
2926
2373
2964
1755
1646
3273
2857
3401
1284
1918
488
2364
1182
1641
2872
1708
