512
688
2
211
1610
40
617
1130
852
846
778
881
1313
1001
862
1527
132
925
964
188
325
1166
1060
398
570
393
806
244
452
1189
1785
1017
648
702
1959
2032
1670
98
1416
781
1710
1586
477
288
159
1745
461
2018
1344
1759
301
723
1221
392
1673
933
652
441
1213
2025
310
1233
294
1184
1794
1010
450
1363
754
208
531
80
1239
141
75
1136
792
400
421
844
471
1678
1621
365
428
39
15
485
488
1563
1078
932
940
653
83
275
1051
109
1526
481
431
779
1635
1190
700
1632
269
1456
1335
1849
167
712
1922
93
1837
147
1981
1712
307
95
719
1466
60
1832
207
360
1053
1499
592
1193
70
1758
588
615
1659
1585
579
1040
521
1083
96
225
1547
1771
252
1452
936
1689
1387
1769
30
1021
773
1791
525
1942
1197
1925
900
205
236
1683
1495
969
180
25
942
866
1421
856
746
1118
2026
2029
1708
1738
1804
730
885
1730
735
475
135
994
391
1275
1954
703
1643
1477
1647
1440
1919
1478
427
883
1753
690
1580
550
1517
2046
357
791
1652
693
1245
125
386
146
1556
1893
1455
621
1048
955
250
320
1328
1259
1768
384
1283
522
1618
1133
1963
1525
1968
861
104
1252
434
807
535
227
623
1576
2027
973
1507
1141
1368
1199
394
1742
1808
53
489
213
782
595
1983
81
889
1270
513
1705
1341
500
1227
1713
1494
1997
385
1411
1249
130
1396
1956
1589
1156
97
1888
1567
383
800
755
895
717
11
1952
1065
995
373
12
886
622
1929
935
1944
983
263
1019
1847
1450
379
1535
822
2003
1482
1948
422
913
165
1826
502
1552
928
757
1234
1510
1469
656
1714
510
1159
1400
425
55
1417
1377
1655
1790
761
1219
1830
381
1160
1226
1322
1289
455
1879
1604
181
952
249
260
548
323
1232
1502
44
339
696
435
569
407
1198
1878
526
912
1022
1859
1868
1188
536
1622
139
2019
1831
364
457
744
1278
582
1073
237
810
1404
1754
594
1863
482
1174
1908
1049
185
949
2036
587
1560
966
2033
1296
217
601
1389
350
1124
54
1334
1917
66
616
1429
268
1728
568
1465
1265
979
762
686
1332
741
1310
1172
1398
162
289
444
1676
939
1274
77
554
72
590
661
1568
1201
101
2040
1333
1441
1805
1823
768
871
1817
1865
1671
1550
1953
26
1798
1916
1
790
626
13
264
1658
460
832
1175
84
1781
958
1406
882
769
1721
1707
18
1561
420
1998
267
466
1692
1572
1613
837
1253
396
224
826
1129
2002
1505
67
1301
214
371
515
1958
1207
1145
606
190
1784
1819
2030
1533
1385
333
1984
2006
314
16
79
170
148
1836
674
681
1862
453
665
609
348
498
1238
1579
878
1316
1746
1244
1867
544
21
311
867
442
1373
1164
10
892
483
567
201
729
1684
1459
415
45
433
632
901
1596
370
584
1383
667
941
658
965
1717
337
157
1816
43
664
1041
1731
1013
1940
494
1518
1029
1564
611
27
1508
303
1443
265
1898
1648
530
873
319
1783
614
1487
174
286
1930
1627
1220
934
1473
706
1842
327
231
1779
1298
1461
1254
1056
1263
560
358
2008
1264
1277
1880
1844
366
1202
2041
580
1733
1483
1651
1308
345
1071
1426
133
1229
1897
1575
1506
1704
91
1616
194
1228
1261
533
597
7
1630
675
1179
92
215
1241
1075
1464
226
1026
313
599
479
1484
1573
253
1293
795
1674
1325
1551
234
937
824
1860
59
1062
1268
1626
470
793
803
2037
636
1739
1744
1236
430
971
285
1736
860
1256
858
605
1850
1628
748
1427
753
1519
660
825
1192
1380
775
2045
1833
946
1167
1703
1664
1225
1646
574
28
1069
985
347
906
361
1134
829
258
1584
1645
2028
1312
1216
749
1300
1501
581
721
1018
960
650
1543
1595
454
411
113
1695
401
1822
1181
1035
256
503
212
1680
872
1357
115
998
1776
1284
910
1737
812
1546
259
572
1500
1666
193
1324
575
1971
1449
1299
1349
1438
923
1523
1366
863
577
593
241
128
1612
142
733
1150
1681
1410
1855
1101
1320
233
679
1799
659
298
353
697
789
1662
1734
972
563
1054
1050
598
809
982
801
959
443
1852
1486
808
670
715
202
254
218
1374
1969
596
1099
1821
1281
1590
184
1430
1423
192
1558
1514
1280
1693
1336
915
1084
758
1126
1055
835
859
962
1475
154
1786
163
112
1498
1384
669
1951
731
1976
1608
1432
47
926
1933
549
1431
94
359
541
1372
1607
1451
1990
1856
1356
1291
436
449
1311
1186
1637
1045
1715
1597
552
171
1247
787
727
186
287
1592
302
944
1223
496
158
5
266
1764
344
304
1773
305
986
1271
1661
469
1516
562
1642
1354
1803
720
240
1937
770
1578
728
709
903
1601
1890
1962
58
1295
766
1364
1212
908
517
516
1342
765
1446
1675
1775
182
179
967
1393
987
1292
1092
1162
37
138
823
1323
375
1802
1098
1927
821
153
1165
402
1491
173
1391
1544
76
842
1943
546
1173
321
948
854
676
551
1724
140
397
2012
1033
1089
1861
1900
830
1444
1619
168
1081
1906
1131
1857
1210
291
713
1841
110
911
608
480
722
2017
1789
943
318
1306
961
1924
1480
1854
278
897
368
1534
467
1340
1977
1509
315
774
1966
35
1043
1023
1747
1932
847
625
1034
813
1515
685
1864
1725
136
284
1936
818
578
1665
802
338
209
704
684
1700
1314
331
1057
1787
1422
1845
1100
839
220
1974
1397
1196
1988
1660
666
1339
1110
918
412
239
369
99
1536
763
1194
48
751
198
1636
1068
1869
796
1979
907
413
798
1866
1448
1412
726
1644
351
1248
1376
297
200
1827
219
1687
270
1144
1362
1005
678
938
2007
1581
561
1793
1454
1191
1641
1941
834
78
1272
257
772
251
671
1378
694
423
1554
1090
1348
1702
1985
695
1481
1070
817
424
4
272
221
874
977
1282
1496
1599
86
1654
126
166
183
1170
1250
1996
271
1497
891
1215
1965
917
230
1121
417
1386
203
1177
1825
495
566
1656
786
1327
36
1361
1388
1044
1096
64
1711
1828
426
1007
888
246
0
1217
644
505
2013
1992
1116
1999
1082
1874
532
372
1107
668
418
199
920
57
1493
1091
462
1104
1762
1774
1085
1257
137
118
1143
1114
1602
1208
1729
1756
534
31
1204
2044
1767
1024
1402
718
1287
1811
187
1052
1453
1468
1132
785
1138
1168
914
974
506
1629
1032
819
2005
129
1030
1718
1064
377
902
1140
56
1434
439
1326
1203
511
3
88
1815
680
1414
956
651
1329
1127
1269
784
1113
989
279
2021
1899
504
20
52
73
8
924
1476
1980
389
160
42
673
586
1770
945
468
1262
610
491
893
149
1931
634
745
1913
316
543
639
317
1304
876
1097
604
1119
1273
815
1000
737
1087
492
1875
409
405
1205
1240
1961
628
1978
518
869
106
1367
1593
954
1741
501
1251
1353
1772
295
739
1797
2022
145
19
362
1883
223
1679
1180
1237
340
380
204
1623
805
1503
1125
1839
691
408
1921
537
1910
655
1046
2038
156
797
1485
255
1894
565
1967
1994
1814
1810
388
1843
1820
458
324
395
929
783
1360
845
404
2024
387
591
120
981
547
1853
1529
134
1154
2020
1829
1058
1309
169
155
1358
229
1094
947
1905
1840
1345
583
87
509
1524
247
1183
1047
1740
828
390
2004
222
1472
683
1418
1106
447
6
1318
646
1390
687
1351
1077
814
573
990
2043
1957
993
1103
1720
1557
1155
1972
827
403
1405
538
71
540
32
419
1583
1178
887
953
743
161
414
1571
261
326
1537
1542
2034
1858
1751
245
1631
1909
446
716
692
877
884
555
1067
2039
406
557
767
464
355
957
1726
1407
29
1039
2014
1260
1884
649
1824
1559
991
1796
1151
1467
1697
619
1095
710
1163
22
232
1690
1541
1479
833
1846
465
1413
1489
341
352
1135
490
1408
100
921
206
1111
1889
41
1286
922
1748
1504
1565
114
1006
1848
1490
1146
1777
1211
131
472
1409
1895
1319
1657
1112
1755
585
484
1303
33
354
545
771
1577
440
520
1528
916
637
968
576
1955
152
478
1668
1591
1115
600
85
1520
334
1982
865
794
476
1321
1934
738
1782
752
1669
1122
1447
335
235
558
1337
290
1620
677
970
1492
1242
1750
363
1926
90
1120
542
2015
448
1887
2035
705
524
1317
1009
1222
627
1061
1059
999
896
1901
698
1424
38
473
732
1285
1633
1474
191
1379
127
329
742
1993
1031
841
1457
2011
322
50
24
641
714
1918
300
432
1923
1594
1722
1749
1588
1288
89
216
1512
1016
123
9
1003
725
1838
1369
195
1562
1331
1975
1279
282
804
1639
1080
927
1907
707
1614
734
74
2047
1290
612
1570
356
1347
1606
2001
121
399
328
1549
342
1650
1640
1877
523
855
857
1206
283
1685
1442
1818
1522
1835
1891
777
274
1305
788
262
280
875
1002
1834
1991
870
1970
1699
1696
2000
248
1851
1995
105
750
853
416
122
1947
242
756
1532
1912
1871
1235
1157
17
1780
1435
799
1914
2023
1677
1649
556
1123
1530
980
1117
1987
1716
1355
1727
1011
631
1882
1973
1153
1792
1109
1896
654
508
1147
613
724
1763
1587
1352
811
2031
493
1813
1806
463
437
519
1230
764
1108
1036
1812
456
689
1706
864
1359
228
662
292
1294
1757
527
1903
950
1719
559
1624
1350
336
1276
1625
1460
1904
172
1137
1433
293
1088
1615
1876
1338
1371
645
880
1231
1539
1807
1545
1892
1074
838
69
1872
1365
1267
1795
1732
1187
82
1255
119
564
23
1105
1555
850
1801
330
1392
2042
1395
963
299
1691
451
1949
164
1415
1037
672
843
640
1394
474
1609
931
643
1752
1945
1399
1809
1014
497
1224
124
1128
189
1766
1066
571
150
1382
376
1946
997
1694
1873
349
243
682
1463
840
1076
1765
1920
890
638
238
1881
848
1158
1886
1470
1778
1139
1701
663
296
1403
445
1015
589
102
633
1761
1960
849
507
178
277
61
1419
528
836
1214
1266
1297
1600
1986
701
1420
1582
382
647
1185
196
1667
642
630
1760
1653
919
1307
904
1381
429
499
1939
1964
1343
176
1598
976
177
1004
1425
1709
1989
736
1688
988
116
899
1800
1182
831
1439
1617
144
894
780
49
34
1885
343
111
1540
1315
1531
1072
1161
459
1218
1511
143
1025
2010
1548
1462
1603
992
51
1521
438
711
487
759
975
2016
1370
276
1574
1243
1682
1038
281
1436
1488
308
1743
1176
1063
1553
14
1928
2009
62
108
312
410
175
306
1566
1209
1012
879
657
197
346
978
1915
618
1698
1663
1028
486
1020
1142
117
1938
1008
996
309
1569
1169
1375
607
1445
708
1401
1195
930
529
273
1723
951
1148
776
624
1935
1686
1042
1149
1605
1611
65
1788
1079
747
1093
1152
1102
1258
553
1086
1027
629
898
68
151
816
602
1870
1902
539
63
851
374
635
984
1638
1200
367
1950
1911
740
620
905
1458
210
1672
699
760
1437
1471
1171
514
1428
868
1346
1538
378
603
1246
332
1735
820
909
103
1513
1634
46
1302
107
1330
