1131
439
2
1203
1085
858
1367
616
1223
1590
519
280
285
442
1936
86
492
1668
456
1283
1220
513
1444
1765
1573
165
436
555
682
1427
150
1166
1391
1488
1895
977
1119
906
1555
85
5
1464
1229
544
343
528
2044
822
1027
1894
1572
1914
1221
247
391
319
1197
1148
885
642
122
1843
1939
2008
1124
1988
394
473
2001
1754
130
1389
418
1222
1609
74
922
416
1066
493
71
253
1761
94
448
1507
1093
1351
1204
1585
1535
609
620
113
827
119
140
272
37
1023
1459
423
1835
2041
230
1655
1269
2046
1940
97
952
1898
813
708
1470
720
1884
1961
1158
1763
1330
1618
1659
1589
1797
207
1095
1563
747
1190
267
1477
16
603
1335
182
990
1157
907
359
933
73
749
1907
1891
1282
209
115
495
1239
1803
2002
1501
915
810
1342
1306
542
857
44
1228
1398
410
812
1779
304
1096
110
943
1341
494
846
1736
919
568
1943
1873
1876
1841
899
164
335
898
1097
792
378
850
1175
19
1799
482
1561
795
732
611
1595
1858
1950
1029
1146
1047
523
782
1111
1292
159
1461
124
69
998
2022
3
716
249
475
621
1586
386
784
1049
1010
1087
1361
1286
468
141
625
235
1719
1344
1107
578
1445
757
638
1523
160
368
1820
1021
875
746
1661
1811
27
1408
1130
1354
1652
337
216
1070
144
632
783
1309
714
1068
690
728
338
1401
1641
292
443
559
859
460
397
106
1051
1101
1086
1976
1638
95
1923
1842
966
1216
1642
1928
1600
1630
991
656
569
851
43
411
1526
949
1721
1739
62
1278
1830
1046
761
1775
1577
50
853
557
862
864
1944
118
1931
1965
60
514
1941
627
491
974
1244
1247
960
564
217
927
1571
340
1320
20
1402
577
1620
1564
1770
1003
2037
488
1509
1522
1731
541
997
344
1290
1454
1622
1897
861
600
1951
685
503
1810
389
1043
1455
762
1489
1423
1614
202
586
828
125
687
1284
1533
362
83
592
2015
968
1022
533
476
1142
284
2010
910
1805
1194
2034
296
1291
327
1855
275
221
264
208
1328
1316
1227
1359
184
53
25
244
1321
467
934
23
1619
77
710
917
1386
1326
1261
1419
348
1299
1260
1942
707
1020
1036
1399
527
1658
1109
1145
1392
458
78
302
1074
1084
318
1127
194
84
1868
654
100
1578
529
232
346
837
1707
1916
1199
1493
57
516
776
412
1832
1411
1366
1539
838
66
1777
28
500
706
332
1714
363
1319
1904
445
46
1151
1706
1422
1451
461
970
1234
868
646
80
1478
1556
1786
181
1513
42
1502
629
955
99
374
521
1486
87
1958
1918
88
248
1457
1237
1258
1703
550
1114
856
1795
504
1869
259
1274
306
715
1219
1134
1185
1840
1694
1352
315
1202
0
256
2029
477
892
891
1267
1708
1494
138
223
1626
1543
154
351
1724
1845
1975
562
70
1141
614
1165
234
357
1301
1388
2007
1390
829
1537
1245
512
1490
925
1332
339
825
199
931
845
1996
417
1416
1676
1420
1524
1728
585
1059
870
768
1764
1311
1115
522
399
347
24
1802
729
1375
681
734
1499
744
994
136
595
699
366
1350
534
1485
1231
381
132
1834
419
1329
128
745
372
251
787
615
771
628
1506
387
2004
2035
1251
661
481
1969
954
502
1236
554
1612
1696
566
133
395
6
1954
1440
2019
213
287
236
1981
983
441
1547
1265
1999
1861
1686
530
1836
1241
2011
650
1497
1819
1246
1784
1574
1860
1789
1133
1745
1369
1856
32
1432
703
1209
56
93
1693
1303
313
1949
538
760
668
420
1720
1829
545
501
1016
536
1144
816
780
1071
1782
1230
497
618
930
1528
1055
758
1206
498
1812
1363
1000
987
404
1371
1
1715
197
1298
1413
205
1073
1080
345
763
1553
2024
104
1852
33
187
999
1542
575
1606
1971
880
1442
1917
111
950
1575
781
1412
279
1172
120
874
700
956
51
1697
1592
1041
849
879
524
177
818
1557
750
1608
180
1881
1256
1516
1279
2018
406
1565
1397
364
1242
170
1991
664
696
1656
1028
1518
666
68
277
1662
309
803
1919
2025
324
403
1025
1710
894
887
1421
429
453
877
1491
1069
152
975
672
1980
1637
10
101
1893
39
250
1323
1213
1180
1117
848
1640
764
440
203
76
647
1512
634
1033
1307
1037
1671
276
774
996
648
1601
1294
26
233
779
772
369
1701
726
985
1374
1254
2003
1083
993
1188
2039
914
298
908
640
669
469
1385
1358
689
940
1888
446
1449
1065
806
1846
465
1753
1009
1814
1568
923
1783
79
1325
9
982
1822
1839
1768
2009
8
1657
929
1627
169
1628
660
807
658
229
14
743
1717
1511
167
515
2031
1268
1647
430
718
563
1088
1643
1249
1414
507
1948
1746
11
452
195
1415
178
286
1395
1129
254
1818
1103
520
1238
1892
278
1551
967
2000
1885
158
531
1195
881
1866
2020
686
1035
890
2040
724
953
352
303
1183
801
1496
1106
1019
1864
1147
1460
1466
740
1224
17
823
1604
308
1322
1974
1788
91
55
573
289
146
639
1056
414
92
537
166
959
854
1233
675
1346
928
379
1726
1978
336
1396
1272
215
1208
1424
450
775
702
962
808
1774
18
539
383
900
1498
163
1529
655
767
239
1184
1920
1875
1089
1952
402
1679
1331
773
291
2012
684
865
902
1883
1215
1376
1435
1913
1379
183
283
1964
1807
721
1550
1255
13
1644
1591
1877
1054
1471
1128
1963
1545
65
1685
1947
548
1794
1833
1588
31
701
293
1959
151
353
979
1170
1908
626
1998
1957
552
1191
1567
1187
936
984
713
1712
1781
1927
1428
137
546
1984
978
1122
842
1304
1356
214
377
770
96
1176
126
769
805
583
1004
1339
1549
22
1548
643
1934
1193
282
1801
1417
1031
683
1082
601
1902
367
1752
623
1815
1373
90
1990
1603
944
1139
139
802
1155
1997
1257
1740
937
1076
1150
904
1992
1345
1441
1123
1250
912
788
1008
755
1994
1380
1152
1766
1365
1143
1711
1691
1018
1462
1483
1214
1160
1505
1137
1680
171
1252
1536
1108
1520
1677
390
1296
804
1211
1798
470
7
946
1179
225
688
1456
75
1737
1181
1827
1196
241
1960
1159
1052
480
1474
1695
1979
1985
751
1437
1993
1689
1336
1383
271
1667
1823
316
328
1903
905
1443
518
916
21
676
1182
1967
1098
2028
408
926
375
447
1933
1112
1394
619
1288
712
1887
1355
63
1857
840
1760
356
29
103
1062
670
129
1026
1973
1013
156
349
243
2014
422
593
1201
1167
1262
1629
479
1162
1946
948
1476
889
58
1847
1104
695
1132
1905
325
572
52
1546
855
1796
679
329
260
612
604
1709
1747
341
61
310
1666
653
1289
505
72
1263
622
1531
1925
510
206
2036
847
1044
266
1099
1275
231
466
582
1762
659
1156
1995
219
1430
613
1235
584
588
401
1848
1757
644
1212
255
866
1067
1253
415
185
1732
589
365
1599
798
790
1090
222
723
1558
1465
1173
1584
331
1611
836
903
633
1722
886
385
1849
580
737
697
474
2045
1487
1248
1639
961
1865
599
1340
407
839
694
12
1002
1900
508
1544
1368
1481
756
1514
330
909
733
636
1200
1118
218
1210
2047
1597
405
425
392
108
800
1525
1743
1017
971
258
893
1872
48
1349
2032
1615
1077
738
1730
1372
1700
1276
872
1683
835
719
1343
1718
1324
1120
1053
67
888
1756
742
1270
242
1594
1922
1744
830
517
785
1968
1045
321
1072
1562
671
1867
1804
535
815
487
1110
148
1121
388
1370
920
1771
901
1785
1773
268
1012
409
1792
317
1972
1171
1831
370
1387
451
1426
1458
1479
753
265
1040
1452
1207
1780
38
320
1364
1844
1853
168
1006
794
1554
1878
602
665
2030
396
793
826
821
1738
1198
1670
1929
2026
739
1889
191
426
1632
558
941
1970
895
1521
1039
736
295
832
145
1177
1061
212
107
1569
2021
526
1734
581
1911
1813
624
400
121
1438
1178
312
1825
2027
1362
574
1560
809
1225
189
193
1448
964
1081
300
597
630
1308
778
567
1930
1453
1473
918
1530
1149
262
162
1091
1102
814
127
730
698
342
1295
1468
472
607
240
556
973
311
1906
1587
2042
797
986
869
200
551
667
1508
1915
1634
741
1353
227
98
15
1495
1334
1678
1901
1663
486
969
297
1024
1403
2033
1748
1899
1447
1404
704
921
1750
727
142
1910
1621
434
637
307
1935
1075
1767
210
1382
796
1434
382
457
1596
89
553
1469
1945
274
421
1966
1613
1400
463
631
1924
606
237
1492
878
506
198
1058
1854
1393
691
135
41
1699
1583
270
791
1504
852
1271
1580
705
532
844
1874
1092
1850
882
1161
1912
334
1986
1616
831
820
1787
4
1987
748
464
1607
1741
610
1890
224
942
1527
82
358
1293
1729
1733
645
571
663
1186
617
1409
105
1559
2043
102
1030
841
2013
1602
1624
1063
871
188
1042
692
680
190
561
1675
1623
598
204
1863
1094
322
1116
1482
444
134
1015
867
765
1956
678
995
731
1859
1503
1519
36
433
2023
54
635
896
413
1674
81
1287
717
752
1926
161
525
1631
1983
1050
1882
147
1446
1776
462
799
1808
709
1650
1439
1955
1649
1001
1828
1078
677
608
257
1716
455
174
1879
40
1125
117
261
314
843
1682
540
1192
1727
1381
454
1581
1977
932
989
1425
1684
398
1163
179
547
1759
596
766
2038
657
725
175
651
1357
1273
245
1932
652
45
509
980
1467
1582
1532
1407
1790
196
371
1484
1164
1723
131
49
1862
1837
1153
1698
860
1816
1800
1169
220
149
1232
143
1277
863
1154
897
722
1475
1826
579
1669
449
1517
565
483
30
811
1005
1989
958
323
153
1690
1060
64
1758
1436
1280
437
759
1886
1769
911
873
176
427
1705
1749
246
1793
1315
1174
1713
1704
1314
1205
543
431
1633
484
1318
789
711
428
1433
1113
305
1048
1126
1338
326
361
123
674
1645
1635
496
114
1593
1297
1348
951
576
1317
591
1007
1450
294
1472
109
662
1653
777
1333
965
754
834
947
1406
354
641
938
499
373
988
432
1038
511
355
1032
2005
1665
1755
1809
1140
1259
1742
1625
350
333
590
1821
1687
1285
1431
1896
1824
1540
273
1463
883
1636
1751
211
1310
1480
1692
605
560
1218
939
1552
2006
1725
1735
1347
945
1605
376
1410
1302
2017
1664
1243
1672
1953
438
393
1576
192
1817
1300
112
1579
963
157
1534
913
1937
288
570
1240
981
824
1515
1982
992
876
1962
1870
549
1064
155
924
290
1791
1806
1660
301
1778
2016
817
281
435
186
1500
269
1378
478
34
1838
1264
884
226
1871
1105
976
1312
228
786
1648
735
1384
1688
1011
1598
819
972
1266
1034
1226
116
1510
252
489
1079
1851
1681
1014
1880
833
1646
1136
1566
1313
1654
1100
263
459
1138
1651
1617
471
299
1360
1189
490
1057
587
1938
1909
1570
935
1135
1429
1538
1921
957
47
360
1337
1217
1281
1673
1327
59
172
238
693
173
485
1702
35
384
1405
1541
380
649
1305
1418
424
594
1772
1377
1168
673
201
1610
